Итерация 1
Путь 1: 
0 4 3 2 5 1 
Путь 2: 
4 0 1 5 2 3 
Путь 3: 
2 3 4 0 1 5 
Путь 4: 
1 0 4 3 2 5 
Путь 5: 
4 0 1 5 2 3 
Путь 6: 
3 2 5 1 0 4 
Кратчайший путь: 
0 4 3 2 5 1 
Длина лучшего пути: 10 
 
Итерация 2
Путь 1: 
2 3 4 0 1 5 
Путь 2: 
3 2 5 1 0 4 
Путь 3: 
4 0 1 5 2 3 
Путь 4: 
3 2 5 1 0 4 
Путь 5: 
5 2 3 4 0 1 
Путь 6: 
3 2 5 1 0 4 
Кратчайший путь: 
2 3 4 0 1 5 
Длина лучшего пути: 10 
 
Итерация 3
Путь 1: 
2 3 4 0 1 5 
Путь 2: 
3 2 5 1 0 4 
Путь 3: 
4 0 1 5 2 3 
Путь 4: 
3 2 5 1 0 4 
Путь 5: 
5 2 3 4 0 1 
Путь 6: 
3 2 5 1 0 4 
Кратчайший путь: 
2 3 4 0 1 5 
Длина лучшего пути: 10 
 
Итерация 4
Путь 1: 
2 3 4 0 1 5 
Путь 2: 
3 2 5 1 0 4 
Путь 3: 
4 0 1 5 2 3 
Путь 4: 
3 2 5 1 0 4 
Путь 5: 
5 2 3 4 0 1 
Путь 6: 
3 2 5 1 0 4 
Кратчайший путь: 
2 3 4 0 1 5 
Длина лучшего пути: 10 
 
Итерация 5
Путь 1: 
2 3 4 0 1 5 
Путь 2: 
3 2 5 1 0 4 
Путь 3: 
4 0 1 5 2 3 
Путь 4: 
3 2 5 1 0 4 
Путь 5: 
5 2 3 4 0 1 
Путь 6: 
3 2 5 1 0 4 
Кратчайший путь: 
2 3 4 0 1 5 
Длина лучшего пути: 10 
 
Финальный результат: 10
