0 -2,4 -2,84 104,7
1 -4,11 -2,81 135,93
2 -2,78 -1,57 98,02
3 -1,63 -0,41 69,81
4 -1,52 -2,13 82,77
5 -2,33 0,41 76,05
6 -1,04 -4,3 102,99
7 1,47 0,39 27,33
8 1,61 0,74 24,42
9 1,56 -0,03 28,91
10 2,35 -1,76 35,98
11 -0,22 -0,4 50,2
12 -0,22 -0,08 48,14
13 2,69 0,14 19,15
14 4,02 -0,36 15,17
15 4,02 0,16 11,97
16 4,02 0,93 8,21
17 4,53 0,74 7,27
18 4,02 0,93 8,21
19 4,02 1,53 6,06
20 4,02 0,74 9,03
21 4,68 1,68 3,49
22 4,23 1,62 5,05
23 4,2 1,15 6,65
24 6,31 4,08 1,27
25 6,31 3,15 0,12
26 6,31 2,77 0,15
27 6,85 2,77 0,78
28 6,2 3,66 0,48
29 5,97 3,15 0,02
30 6,04 2,87 0,02
31 6,04 2,87 0,02
32 6,04 3,07 0,01
33 5,89 3,07 0,02
34 6,04 3,07 0,01
35 6,04 2,41 0,35
36 6,04 3,96 0,92
37 6,03 3,07 0,01
38 6,6 3,03 0,36
39 5,96 3,04 0
40 5,96 2,99 0
41 6,04 3,07 0,01
42 5,97 2,99 0
43 5,66 2,99 0,11
44 6,02 2,49 0,26
45 5,99 2,65 0,12
46 5,99 2,99 0
47 5,73 2,99 0,07
48 5,99 2,47 0,28
49 7,4 2,99 1,95
50 6,04 2,99 0
51 5,87 2,99 0,02
52 5,99 2,99 0
53 5,99 3 0
54 5,99 2,99 0
55 5,99 2,99 0
56 5,99 3,55 0,3
57 5,99 3,48 0,23
58 5,99 2,72 0,08
59 5,99 3 0
60 6 2,62 0,15
61 6 3 0
62 6 3,43 0,19
63 6 3 0
64 6 3 0
65 6 3 0
66 5,3 3 0,48
67 6 3 0
68 6 3 0
69 6 3 0
70 5,99 3,2 0,04
71 6,49 3 0,24
72 6 3 0
73 6 3 0
74 6 3 0
75 6 3 0
76 6 2,71 0,08
77 6 2,03 0,94
78 6 3 0
79 6 3 0
80 6 3 0
81 6 3 0
82 6 3 0
83 6,1 3 0,01
84 6,6 3 0,36
85 6 3,3 0,09
86 5,11 3 0,79
87 6 3 0
88 6 2,48 0,27
89 6 2,43 0,32
90 6,67 3 0,45
91 6 2,41 0,35
92 6 3 0
93 6 3,27 0,07
94 6 2,73 0,07
95 6 3 0
96 6,8 3,26 0,71
97 6,42 3 0,17
98 6 3 0
99 6 3 0
100 6,98 3 0,97
101 6 3 0
102 6 3,08 0,01
103 6 3 0
104 6 3,73 0,53
105 6 3 0
106 6 3 0
107 6 3 0
108 6 3 0
109 6 3 0
110 6 3 0
111 6 3,05 0
112 5,31 3 0,47
113 6 2,47 0,28
114 6 3 0
115 6 3 0
116 6,33 3 0,11
117 6 3 0
118 6 3 0
119 6 3 0
120 6 3 0
121 6 3,74 0,55
122 6 3 0
123 6 3 0
124 5,23 3 0,59
125 6 3 0
126 6 3,91 0,82
127 6,92 3 0,84
128 6 3 0
129 6 3 0
130 6 3 0
131 6,56 3 0,31
132 6 3 0
133 6 3 0
134 6 3 0
135 6 3 0
136 5,32 3 0,46
137 6 2,05 0,9
138 5,97 3 0
139 6 3 0
140 6 3 0
141 6 3 0
142 6 3 0
143 6 3 0
144 6 3 0
145 6 3 0
146 6 3 0
147 6 3 0
148 6,95 3 0,9
149 6 2,16 0,7
150 5,27 3 0,53
151 6 3 0
152 6 3 0
153 5,28 3 0,52
154 6 3 0
155 6 3 0
156 6 3 0
157 6 2,22 0,61
158 6 3,35 0,12
159 6 3 0
160 6,89 3 0,8
161 5,53 3 0,22
162 6 3 0
163 6 3 0
164 6 3 0
165 6 3 0
166 5,47 3 0,28
167 6 3 0
168 6 3 0
169 6 3 0
170 6 3 0
171 6 3 0
172 6 3 0
173 6 3 0
174 6 3 0
175 5,99 3 0
176 6 3 0
177 5,56 3 0,19
178 6 3 0
179 6 3,38 0,14
180 6 3 0
181 6 3,08 0,01
182 6 2,69 0,1
183 6 2,15 0,73
184 6 2,26 0,54
185 6 3 0
186 6 3 0
187 6 3 0
188 6 3 0
189 6 3 0
190 6 3 0
191 6 3 0
192 6 3 0
193 6 2,97 0
194 6,96 3 0,92
195 6 3 0
196 6 3 0
197 6 3 0
198 6 3 0
199 6 3,77 0,59
200 6 3 0
201 6 3 0
202 6 2,28 0,52
203 6 3,99 0,98
204 6 2,29 0,5
205 6 3 0
206 6 3 0
207 5,62 3 0,14
208 6 3 0
209 6 2,95 0
210 6 3 0
211 6 3 0
212 6 3 0
213 6 3 0
214 6 3 0
215 6 3 0
216 6 3,35 0,13
217 6 3 0
218 6 3 0
219 6 3,93 0,86
220 6 3 0
221 6 3 0
222 6 3 0
223 5,53 2,61 0,37
224 6,41 3 0,17
225 5,98 3 0
226 6,86 3 0,74
227 6 3 0
228 6 3 0
229 6 3 0
230 6 3 0
231 6 3 0
232 6 3 0
233 6 3,32 0,1
234 6,03 3 0
235 6,54 3 0,3
236 6 3 0
237 6 3 0
238 6 3 0
239 6 3 0
240 6 2,36 0,41
241 6 2,36 0,41
242 6 3 0
243 6,55 3 0,3
244 6 3 0
245 6 2,81 0,04
246 6 3 0
247 6 3 0
248 6 3 0
249 6 3 0
250 6 3 0
251 6 2,44 0,31
252 6 3 0
253 6 3 0
254 6 2,69 0,09
255 6 3 0
256 6 3 0
257 5,6 3 0,16
258 6 2,06 0,88
259 6 3 0
260 6 3,12 0,01
261 6 3 0
262 6,57 3 0,32
263 6 3 0
264 6 3 0
265 5,15 3 0,72
266 6,68 2,74 0,54
267 6 3 0
268 6 3,37 0,14
269 6 3 0
270 6 3 0
271 6 2,64 0,13
272 6 3 0
273 6 3,1 0,01
274 6 3 0
275 6 3 0
276 6 3,4 0,16
277 6 3 0
278 6 3 0
279 6 3,72 0,52
280 5,83 3 0,03
281 6 3 0
282 6 3 0
283 6 3,34 0,11
284 6 3 0
285 6 3 0
286 6,65 3 0,43
287 6 3 0
288 6 3 0
289 5,66 3 0,11
290 6 3 0
291 6 3 0
292 6 3 0
293 6 3 0
294 6 3 0
295 6 3 0
296 6 3 0
297 6 3 0
298 6 3 0
299 6 3,64 0,4
300 6 3 0
301 6 3 0
302 5,75 3 0,06
303 6 3 0
304 6 3 0
305 6 3 0
306 6,16 3 0,03
307 6 3 0
308 6 3 0
309 6,74 3 0,55
310 5,87 2,79 0,06
311 6 3 0
312 6 3 0
313 6 3 0
314 6 3 0
315 6 3 0
316 6 3 0
317 6 2,91 0,01
318 6 3 0
319 6 3 0
320 6 2,28 0,52
321 6 2,03 0,95
322 6 2,22 0,61
323 6 3 0
324 6 3 0
325 6 3 0
326 6 2,44 0,31
327 6 3 0
328 6 3 0
329 6 2,11 0,8
330 6 3 0
331 6 3,57 0,33
332 6 3 0
333 6 4,14 1,29
334 6 2,29 0,5
335 6 3 0
336 6 3 0
337 6 3 0
338 6 3 0
339 6 3 0
340 6 3,27 0,07
341 5,39 3 0,38
342 6 3 0
343 6 3 0
344 6 3 0
345 6 3 0
346 6 3 0
347 5,04 3 0,92
348 6 3 0
349 5,29 3 0,5
350 6 2,84 0,03
351 6 3 0
352 6 3 0
353 6 3,59 0,35
354 6 3 0
355 6 3 0
356 6,69 3 0,47
357 6 3,79 0,62
358 6 3 0
359 6 3 0
360 6 3 0
361 6 3 0
362 6 3 0
363 6 2,21 0,63
364 6 3 0
365 6 3 0
366 6 3 0
367 6 2,5 0,25
368 6 3 0
369 6 3 0
370 5,58 3 0,17
371 5,14 3 0,73
372 5,74 3 0,07
373 6 2,34 0,44
374 6 3 0
375 6 3 0
376 6 3 0
377 6 3,6 0,36
378 6 3 0
379 6 2,38 0,38
380 6 3 0
381 6,23 3 0,05
382 6 3,79 0,62
383 6 3 0
384 6 3 0
385 6 3 0
386 6 3 0
387 6 3 0
388 6 3 0
389 6,41 3 0,17
390 6 3 0
391 6 4 1
392 6,49 3 0,24
393 6 3 0
394 6 3 0
395 6 3 0
396 6 2,66 0,12
397 6 2,55 0,2
398 6 2,63 0,14
399 6 3 0
400 5,59 3 0,17
401 6 3 0
402 6,56 3 0,32
403 6,74 2,18 1,22
404 5,81 3 0,04
405 6 3 0
406 6 3 0
407 6 3 0
408 6 2,6 0,16
409 6 3 0
410 6 2,5 0,25
411 6,83 3 0,69
412 6 3,18 0,03
413 6 3,18 0,03
414 6 3,21 0,04
415 6,88 3 0,77
416 6 3 0
417 6 3 0
418 6 3 0
419 6 3 0
420 6,82 3 0,68
421 6 3,85 0,72
422 6 3,95 0,91
423 6 3 0
424 6 2,5 0,25
425 6 3 0
426 6 3 0
427 6,96 3,74 1,47
428 6 3 0
429 6 3 0
430 6 3 0
431 6 2,35 0,43
432 6 3 0
433 6 3 0
434 5,41 2,53 0,57
435 6 3 0
436 6 3 0
437 6 2,17 0,7
438 6 3 0
439 5,42 3 0,34
440 6 3,02 0
441 5,22 3 0,61
442 6 3 0
443 5,62 3,26 0,21
444 6 3 0
445 6 3 0
446 6 3 0
447 6 3,95 0,9
448 6 3 0
449 6,91 3,41 1
450 6 3 0
451 6 2,52 0,23
452 5,21 2,71 0,72
453 6,17 2,37 0,42
454 6 3 0
455 6 3 0
456 6 3 0
457 6 3 0
458 6 3 0
459 6 3,77 0,6
460 5,21 3 0,63
461 6 3 0
462 6 3 0
463 6 3 0
464 6 3 0
465 6,55 3 0,3
466 6,4 3 0,16
467 6 3 0
468 6,27 4,88 3,59
469 6 3 0
470 6 3 0
471 5,97 3 0
472 6 2,75 0,06
473 5,18 3 0,67
474 6,5 3 0,25
475 6 3 0
476 6 3,38 0,15
477 6 3 0
478 6 3 0
479 6 3 0
480 6,7 3 0,49
481 6 3 0
482 6 3,78 0,6
483 6,12 3 0,02
484 6 2,61 0,15
485 6 3 0
486 6 3 0
487 6 3 0
488 6 3 0
489 6 3 0
490 6 3 0
491 6 3 0
492 6 3 0
493 6 3 0
494 6 3 0
495 6 3 0
496 6 3 0
497 6 3 0
498 6 3 0
499 6,52 3 0,27
500 6 3 0
501 6 3 0
502 6 3 0
503 5,49 3 0,26
504 6,68 3 0,47
505 6 3 0
506 6 3 0
507 6,98 2,54 1,17
508 6 3 0
509 6 3 0
510 6 3 0
511 6 3 0
512 6 2,91 0,01
513 6 3 0
514 6 3,7 0,49
515 6 3 0
516 6 3 0
517 4,78 2,64 1,62
518 5,94 3 0
519 6 3 0
520 6 3 0
521 6,27 3 0,07
522 6 3 0
523 6,79 3 0,62
524 5,39 3 0,37
525 6 3 0
526 6 3 0
527 6 3,5 0,25
528 6 3,4 0,16
529 6 3 0
530 5,82 3 0,03
531 5,77 3 0,05
532 6 3 0
533 6 2,65 0,12
534 6 3 0
535 5,59 3 0,17
536 6 3 0
537 6 3,31 0,1
538 6 3 0
539 6 3 0
540 6 3 0
541 6 3 0
542 6 3 0
543 6 3 0
544 6 3 0
545 6 3 0
546 6 3 0
547 6 3,02 0
548 6 3 0
549 5,13 3 0,75
550 6 3 0
551 6 3 0
552 6 3 0
553 6 2,31 0,48
554 6,68 3 0,46
555 6 3 0
556 6 3,87 0,75
557 6 3,51 0,26
558 5,85 2,7 0,11
559 5,57 3 0,18
560 6 3,28 0,08
561 6 3 0
562 6 3 0
563 6 3 0
564 6 3 0
565 6 2,79 0,04
566 6 3 0
567 6 2,62 0,15
568 6 3 0
569 5,32 3 0,47
570 6 3 0
571 6 3 0
572 6 3 0
573 5,85 3 0,02
574 6 2,93 0,01
575 6 3,18 0,03
576 6 3 0
577 6,1 3 0,01
578 6 3 0
579 6 2,87 0,02
580 6 3 0
581 6 2,64 0,13
582 6 2,64 0,13
583 6 3 0
584 6 3 0
585 6 3 0
586 6 3 0
587 6 3,68 0,46
588 6 3 0
589 6,86 3 0,73
590 6 3 0
591 6 3 0
592 6 3 0
593 6 2,95 0
594 6,15 3 0,02
595 6 2,34 0,43
596 6 3 0
597 6 3 0
598 6 3 0
599 6 3 0
600 6 3 0
601 6,82 3 0,67
602 6 3,4 0,16
603 6 3 0
604 6 3 0
605 5,83 3 0,03
606 6 3,37 0,13
607 6,69 3 0,48
608 6,89 3 0,79
609 6 3 0
610 6 3 0
611 6 3 0
612 5,15 3,31 0,82
613 6 3 0
614 6 3 0
615 6 3 0
616 6 3 0
617 5,92 3 0,01
618 6 3 0
619 6 3 0
620 6 3 0
621 6 2,75 0,06
622 6 3 0
623 6 3 0
624 6 3,32 0,1
625 5,78 3 0,05
626 5,55 3 0,2
627 6 3,12 0,01
628 6 3 0
629 6 3 0
630 6 3 0
631 6 3 0
632 6 3 0
633 6 3 0
634 6 3,2 0,04
635 6,08 3 0,01
636 6 3 0
637 6,19 3 0,04
638 6 3 0
639 6 2,75 0,06
640 6,55 3 0,3
641 6,84 3,67 1,17
642 6 3 0
643 6 3 0
644 6,82 3 0,68
645 6 3 0
646 6 3 0
647 6,01 3 0
648 6 3 0
649 6 3 0
650 6 3 0
651 5,37 2,8 0,43
652 6 3 0
653 6 3 0
654 6 3 0
655 6 3 0
656 6 3,97 0,95
657 6 3,24 0,06
658 6 3 0
659 6,57 3 0,32
660 6 3 0
661 6 3 0
662 6 3 0
663 6 3 0
664 5,17 3 0,69
665 6,09 3 0,01
666 6,09 3 0,01
667 6,41 3 0,16
668 6 3 0
669 6 3 0
670 6 3 0
671 6 3 0
672 6 3,57 0,33
673 5,59 3 0,17
674 6 3 0
675 6,4 2,13 0,92
676 6 3 0
677 6 3 0
678 6 3,08 0,01
679 6 3 0
680 6 3 0
681 5,07 2,64 0,99
682 6,57 3 0,32
683 6 3 0
684 5,57 3 0,18
685 6 3 0
686 5,45 3 0,31
687 6 2,71 0,08
688 6 3 0
689 6 3 0
690 6 3 0
691 6,93 2,81 0,9
692 6 3,57 0,33
693 6 2,93 0,01
694 6,15 3 0,02
695 6 3 0
696 6 3 0
697 6 3 0
698 5,85 2,53 0,24
699 6 3 0
700 5,58 2,44 0,49
701 6 3 0
702 6,57 3 0,33
703 6 3,88 0,77
704 6 3 0
705 6 3 0
706 6,75 3 0,56
707 6 3 0
708 6 3,88 0,78
709 6 3 0
710 5,63 3 0,14
711 5,27 3 0,53
712 5,36 3 0,4
713 6 3,34 0,12
714 6,27 3 0,07
715 6 3 0
716 6 3 0
717 5,93 3 0,01
718 6 3 0
719 6 3 0
720 6 3 0
721 6 3 0
722 6,89 3 0,79
723 6 3,74 0,54
724 5,57 3 0,18
725 6 3 0
726 6 3 0
727 6 3 0
728 6 2,58 0,17
729 6 3 0
730 6,69 2,4 0,84
731 6,87 3 0,75
732 6 3 0
733 6 3 0
734 6 3 0
735 6 3 0
736 6 3 0
737 5,48 3 0,27
738 6 3 0
739 6 3 0
740 6 3 0
741 6 3 0
742 6,31 3 0,1
743 6 3 0
744 6 3,15 0,02
745 6 3 0
746 6,61 3,83 1,07
747 6 3,67 0,45
748 6 3 0
749 6 3 0
750 5,16 3 0,71
751 6 3,6 0,36
752 6,17 3 0,03
753 6 2,59 0,17
754 6 3 0
755 6 3,61 0,38
756 6 3 0
757 6 3 0
758 5,79 3,25 0,1
759 6 3 0
760 6 2,04 0,93
761 6 3,3 0,09
762 6 3 0
763 6 3 0
764 5,78 3 0,05
765 6 3 0
766 6 3 0
767 6 3 0
768 6 3 0
769 6 3 0
770 6 3 0
771 6 3 0
772 6 2,95 0
773 6 3 0
774 6 3 0
775 6 3 0
776 6,65 3 0,43
777 6,83 3 0,69
778 6 2,33 0,46
779 6 3 0
780 5,96 3 0
781 6 3 0
782 6 3 0
783 6 3 0
784 6 3 0
785 5,07 3 0,86
786 6 3 0
787 6 3 0
788 6 3 0
789 6 3 0
790 5,5 3 0,25
791 6,88 3 0,77
792 6 3 0
793 5,08 3 0,85
794 6 2,63 0,14
795 6 3 0
796 6 3 0
797 6 3 0
798 5,04 3 0,93
799 6 3 0
800 6 3 0
801 6 3,34 0,11
802 6 3 0
803 6 3 0
804 6 3 0
805 6 3 0
806 6 3 0
807 5,36 3 0,41
808 6,66 3 0,44
809 6 3 0
810 6 3 0
811 6 3 0
812 5,72 3 0,08
813 6 3 0
814 5,48 3 0,27
815 6 3 0
816 6,98 3 0,96
817 6 3 0
818 6,13 3 0,02
819 6 3 0
820 6 3 0
821 6 3 0
822 6 3,15 0,02
823 6 3 0
824 6 3,84 0,71
825 6 3,19 0,04
826 6 3 0
827 6 3 0
828 6 3,81 0,66
829 6 3 0
830 6 3 0
831 6,46 3 0,21
832 6 3 0
833 6 2,27 0,54
834 6 3,77 0,59
835 6 3 0
836 6 3 0
837 6 3 0
838 6 3 0
839 6 3 0
840 6 3 0
841 6 3 0
842 6 3 0
843 6 3 0
844 5,79 3 0,04
845 6 3 0
846 6 3 0
847 6 3,48 0,23
848 6 3 0
849 6 2,93 0,01
850 6 3 0
851 6 3,63 0,4
852 6 3 0
853 6 3 0
854 6 3 0
855 6 2,84 0,03
856 5,8 3 0,04
857 6 3 0
858 5,6 3 0,16
859 6 3 0
860 6 3 0
861 6 2,97 0
862 6 3 0
863 6 3 0
864 5,45 3 0,3
865 6 3 0
866 6 3 0
867 6 3,58 0,33
868 6 3 0
869 6,59 3 0,35
870 6 3 0
871 5,4 2,67 0,47
872 6 3,73 0,54
873 6 3 0
874 6 3 0
875 5,81 3 0,04
876 5,89 3 0,01
877 6 3 0
878 6 3,11 0,01
879 6 2,18 0,67
880 6 3 0
881 6 3 0
882 6 2,09 0,83
883 5,61 2,4 0,51
884 6,45 3 0,2
885 6 3 0
886 6 2,76 0,06
887 6 3 0
888 6 3 0
889 5,54 3 0,22
890 6 3 0
891 6 3 0
892 6 3 0
893 6 3 0
894 6 3,84 0,71
895 6 3 0
896 6 3 0
897 5,92 3 0,01
898 6 3 0
899 6 3 0
900 6 3,36 0,13
901 6,82 3 0,66
902 6 3,04 0
903 6 2,02 0,96
904 6 3 0
905 6 3 0
906 6 3 0
907 6 2,57 0,19
908 6 3 0
909 6 3 0
910 6 2,9 0,01
911 6 3,01 0
912 6 3 0
913 6 3 0
914 6,43 3 0,18
915 6 3,77 0,6
916 6 2,36 0,41
917 6 3 0
918 6,31 3 0,09
919 6 2,5 0,25
920 6,09 3 0,01
921 6 3 0
922 6 3 0
923 6 3,23 0,05
924 6 3 0
925 6,02 3 0
926 6 3 0
927 6 3 0
928 6 3,46 0,21
929 6 3 0
930 6 3,64 0,41
931 6 3 0
932 6 3 0
933 6 3 0
934 6 3 0
935 6 3 0
936 6 3 0
937 6 3 0
938 5,22 3 0,61
939 6 3 0
940 6 2,53 0,23
941 6 3 0
942 6 3 0
943 6,79 3 0,63
944 6 3 0
945 6 3 0
946 6 3,29 0,09
947 6 3,16 0,03
948 6 3 0
949 6 3 0
950 6 3 0
951 6 2,31 0,47
952 6 3 0
953 6 2,69 0,1
954 6,93 3 0,86
955 6,79 3 0,63
956 6 3 0
957 6 2,55 0,2
958 6 3 0
959 6 3 0
960 6 3 0
961 6 3 0
962 6 3 0
963 6 3 0
964 6 3,78 0,62
965 6 3 0
966 6 3 0
967 6 3 0
968 6 3,62 0,38
969 6 3 0
970 5,63 2,3 0,63
971 6 3 0
972 6 3 0
973 6 2,43 0,33
974 6 3 0
975 6 3 0
976 6 3 0
977 6 3,28 0,08
978 6,7 3 0,49
979 6,04 3 0
980 6 3 0
981 6 3 0
982 6 3,49 0,24
983 6 3 0
984 6 3 0
985 6 3 0
986 6 3 0
987 6 3 0
988 6 2,59 0,16
989 6 3 0
990 6 3 0
991 6 2,96 0
992 6 3 0
993 6 3 0
994 6 3 0
995 6 3 0
996 6 3 0
997 6 3 0
998 6 3 0
999 6 3 0
1000 6 3 0
1001 6 3 0
1002 6 3 0
1003 5,18 3 0,67
1004 6 2,99 0
1005 6 2,21 0,63
1006 6,12 3 0,01
1007 6 3 0
1008 6 3 0
1009 6 3 0
1010 6 3 0
1011 6 2,37 0,4
1012 5,44 3 0,31
1013 6 3 0
1014 6 2,66 0,12
1015 6 3 0
1016 5,52 3 0,23
1017 6 3 0
1018 6 3 0
1019 6 3 0
1020 5,88 3 0,01
1021 6 3,9 0,81
1022 6 3 0
1023 6 3 0
1024 6 3 0
1025 6 3 0
1026 6 3 0
1027 6 2,61 0,15
1028 5,8 3 0,04
1029 6 3 0
1030 6 3 0
1031 6 3 0
1032 6 3 0
1033 6 3 0
1034 6,32 3 0,1
1035 6 3 0
1036 5,32 3 0,46
1037 6 3 0
1038 6 3 0
1039 6 3 0
1040 6 3 0
1041 6 2,79 0,05
1042 6 2,16 0,7
1043 6 3 0
1044 6 3 0
1045 6 3 0
1046 5,06 3 0,88
1047 6 3 0
1048 5,48 3 0,27
1049 6,28 3 0,08
1050 6,56 3 0,31
1051 5,64 3 0,13
1052 6 3 0
1053 6 3 0
1054 6 3 0
1055 6 3 0
1056 6 3 0
1057 5,6 3 0,16
1058 6 3 0
1059 6 3 0
1060 6 3 0
1061 6 3 0
1062 6 3 0
1063 6 3 0
1064 7,17 3 1,37
1065 6 3 0
1066 6 3 0
1067 5,49 3 0,26
1068 6,81 2,44 0,98
1069 6 3 0
1070 6 3 0
1071 6 3,16 0,02
1072 6 3 0
1073 6 3 0
1074 6 3 0
1075 5,73 3 0,07
1076 6,76 3 0,58
1077 6 3 0
1078 6,77 3 0,59
1079 6 3,58 0,33
1080 6 3 0
1081 6 2,82 0,03
1082 6,7 3,97 1,43
1083 6 2,02 0,97
1084 6 3 0
1085 6 3 0
1086 6,04 3 0
1087 6 3 0
1088 6 3 0
1089 6 3 0
1090 5,08 3 0,84
1091 6 3,51 0,26
1092 6,92 3 0,85
1093 6 3 0
1094 6,31 3 0,1
1095 6 3 0
1096 6 3 0
1097 6 2,79 0,05
1098 6 3 0
1099 6,5 3 0,25
1100 6 3 0
1101 6 3 0
1102 6 3 0
1103 6 3 0
1104 6 3 0
1105 6,6 3 0,36
1106 6 3 0
1107 6 3,18 0,03
1108 6 3 0
1109 6 3 0
1110 5,76 3 0,06
1111 6 2,24 0,58
1112 6 3 0
1113 6 3 0
1114 6 3 0
1115 6 3 0
1116 6 3 0
1117 6 3 0
1118 6 2,69 0,1
1119 6 3,66 0,43
1120 6 3 0
1121 6 3 0
1122 6 3 0
1123 6 3 0
1124 5,83 3 0,03
1125 6,53 3 0,28
1126 6 3 0
1127 6 3 0
1128 6 2,84 0,02
1129 6 3 0
1130 6 3 0
1131 6 3 0
1132 6 3 0
1133 6 2,5 0,25
1134 6 3 0
1135 6,15 3 0,02
1136 6 3 0
1137 6 3 0
1138 6,69 3 0,47
1139 5,14 2,44 1,06
1140 6 3 0
1141 6 3 0
1142 7,16 3 1,34
1143 5,33 3 0,45
1144 6 3,06 0
1145 6 3 0
1146 6 2,64 0,13
1147 6 2,08 0,85
1148 6 3 0
1149 6 3 0
1150 6 3 0
1151 6 3 0
1152 6,62 3 0,38
1153 6 3 0
1154 6 3 0
1155 6 3,39 0,15
1156 6 3 0
1157 6,52 3,25 0,33
1158 6 3 0
1159 6 3 0
1160 6,6 3 0,36
1161 6,01 3 0
1162 6 3 0
1163 6 3 0
1164 6 3 0
1165 6 3 0
1166 6 3 0
1167 6 3 0
1168 5,59 3 0,17
1169 6 3 0
1170 6 3 0
1171 6 3 0
1172 6 3 0
1173 6 3 0
1174 6 3 0
1175 6 3 0
1176 6 3 0
1177 6 3,83 0,69
1178 6 3 0
1179 6 3 0
1180 6 3 0
1181 6 3 0
1182 6,18 3 0,03
1183 6 3 0
1184 6 3 0
1185 6 3 0
1186 6 3 0
1187 6 3,46 0,21
1188 6 3 0
1189 6 3 0
1190 6 3 0
1191 6 3 0
1192 6 2,13 0,76
1193 6,37 3 0,14
1194 5,17 3 0,68
1195 6 3 0
1196 6 3 0
1197 6 3 0
1198 6 3 0
1199 6 3 0
1200 6 3 0
1201 6 3 0
1202 6 3 0
1203 5,58 3 0,18
1204 6 3 0
1205 6 2,84 0,03
1206 6 3 0
1207 6 3 0
1208 6 3,83 0,69
1209 6 3 0
1210 6 3 0
1211 6 3 0
1212 6 3 0
1213 6 3 0
1214 6 3 0
1215 5,07 3,1 0,87
1216 6 3,48 0,23
1217 6 3 0
1218 6 3 0
1219 5,69 3 0,1
1220 6 3 0
1221 6 3 0
1222 5,22 3 0,61
1223 6 3 0
1224 6 3 0
1225 6,55 3 0,3
1226 6,88 3 0,78
1227 6 3,96 0,92
1228 6 3 0
1229 6 3 0
1230 6,27 3 0,07
1231 6 3 0
1232 6 3 0
1233 6,76 3 0,58
1234 6 3,82 0,67
1235 6,93 3 0,87
1236 6 3 0
1237 6 2,92 0,01
1238 6 3 0
1239 6 3 0
1240 6 3 0
1241 6 3 0
1242 6 3 0
1243 6 3 0
1244 6 3 0
1245 6 3 0
1246 6 3 0
1247 6 3,98 0,97
1248 6 3 0
1249 6 3 0
1250 6 3 0
1251 4,46 3 2,38
1252 6,44 3 0,19
1253 6 3,47 0,22
1254 6 3 0
1255 6 2,66 0,12
1256 6 3,61 0,37
1257 6 3 0
1258 6 3 0
1259 6 3 0
1260 6 3 0
1261 6 3,23 0,05
1262 6 2,43 0,32
1263 5,36 3 0,41
1264 6 3 0
1265 6 3 0
1266 7,35 3 1,82
1267 6 3 0
1268 6 2,87 0,02
1269 6 3 0
1270 6 3 0
1271 6 3 0
1272 6 3 0
1273 6 3,03 0
1274 6 3 0
1275 6 3 0
1276 6 3 0
1277 6,37 3 0,14
1278 6 3 0
1279 6 3 0
1280 6 3 0
1281 6 3,95 0,9
1282 6,96 3 0,92
1283 6 3,53 0,28
1284 6 3 0
1285 6 3 0
1286 6 3 0
1287 6 3 0
1288 6 3,76 0,58
1289 6 2,08 0,84
1290 6 3 0
1291 6 3 0
1292 6 3 0
1293 6 3,43 0,18
1294 6 3 0
1295 6,25 3,56 0,37
1296 6 3 0
1297 6 3 0
1298 6 3 0
1299 6 3 0
1300 6 3 0
1301 6 3,42 0,18
1302 6 3 0
1303 6 3,77 0,59
1304 6 3 0
1305 6 3 0
1306 6,31 3 0,1
1307 6 3 0
1308 6 3 0
1309 6 3 0
1310 6 2,84 0,03
1311 6 3 0
1312 6 3 0
1313 6 3,86 0,74
1314 6 3 0
1315 6 3 0
1316 6 3 0
1317 6 3 0
1318 6 3 0
1319 6 3 0
1320 6 3 0
1321 6 3 0
1322 6,91 3 0,82
1323 5,22 3 0,61
1324 6 3 0
1325 6,56 3 0,32
1326 6 3 0
1327 6 3 0
1328 4,79 3 1,46
1329 6 3 0
1330 6 3 0
1331 6,85 3 0,72
1332 6 3 0
1333 6 3 0
1334 6 3,23 0,05
1335 6 2,32 0,46
1336 6 3 0
1337 6 3 0
1338 6 3,64 0,41
1339 6 3 0
1340 6 2,57 0,19
1341 6 3 0
1342 6 3 0
1343 6 3 0
1344 6 3 0
1345 6 3,55 0,3
1346 6 3 0
1347 6 3 0
1348 6 3 0
1349 6 3,89 0,8
1350 6 3 0
1351 5,9 3 0,01
1352 6 3 0
1353 5,53 3 0,22
1354 6 2,21 0,62
1355 6 2,77 0,05
1356 6 3 0
1357 6 3 0
1358 6 3 0
1359 6,27 3 0,07
1360 6 3 0
1361 6 2,65 0,12
1362 6 3 0
1363 6 3 0
1364 6 2,74 0,07
1365 6 3,56 0,31
1366 6 2,21 0,62
1367 6 3 0
1368 6 3 0
1369 6 3 0
1370 6 3 0
1371 5,79 2,63 0,18
1372 6 2,48 0,27
1373 5,56 3 0,19
1374 6 3 0
1375 6 3 0
1376 6 3 0
1377 6 3 0
1378 6 3 0
1379 6 3 0
1380 6 3 0
1381 6 3 0
1382 6 3 0
1383 6 3,43 0,18
1384 6 3 0
1385 6 2,63 0,14
1386 5,28 3 0,52
1387 6 3 0
1388 6 3 0
1389 6 3 0
1390 6 3 0
1391 6,49 3 0,24
1392 6,45 3 0,2
1393 6 3,21 0,05
1394 6 3 0
1395 6 3 0
1396 6 3 0
1397 6 3,99 0,98
1398 6 3 0
1399 6 3 0
1400 6 3,28 0,08
1401 6,91 3 0,83
1402 5,09 2,05 1,72
1403 6 3 0
1404 5,53 3 0,22
1405 5,59 1,59 2,15
1406 6 3 0
1407 6 3,73 0,53
1408 6 3,1 0,01
1409 6 2,07 0,87
1410 6 3 0
1411 6 3 0
1412 6 3 0
1413 6 3 0
1414 6 3 0
1415 6 3 0
1416 6,31 3 0,1
1417 6 3 0
1418 6 3 0
1419 6 3 0
1420 6 3 0
1421 6 2,5 0,25
1422 6 3 0
1423 6 3 0
1424 6 3 0
1425 6 3 0
1426 6 3 0
1427 6 3 0
1428 6 3 0
1429 6 3 0
1430 6 3 0
1431 6,74 3 0,55
1432 5,78 3 0,05
1433 5,19 3 0,65
1434 6 3 0
1435 6 3,21 0,05
1436 6 3 0
1437 6 3,87 0,75
1438 6 3 0
1439 5,02 3 0,96
1440 6 3 0
1441 6 3 0
1442 6,37 3 0,14
1443 6 3 0
1444 6 3 0
1445 6,85 3 0,72
1446 6,99 3 0,97
1447 6 3,06 0
1448 6 3 0
1449 6 3 0
1450 5,84 3 0,03
1451 6 3,22 0,05
1452 6 3 0
1453 6 3 0
1454 6 3 0
1455 6 3 0
1456 6 3 0
1457 6 2,33 0,45
1458 6 3 0
1459 6 3 0
1460 6 3 0
1461 7,75 3,16 3,08
1462 6 3 0
1463 6 3,39 0,16
1464 6 3 0
1465 6 3 0
1466 6 2,77 0,05
1467 6,28 3 0,08
1468 6 3 0
1469 6 3 0
1470 6 3 0
1471 6 3 0
1472 6 3 0
1473 5,72 3,7 0,56
1474 6 3 0
1475 5,9 3 0,01
1476 6 3 0
1477 6 3 0
1478 5,58 3 0,17
1479 6 3 0
1480 5,35 3 0,42
1481 6 3 0
1482 5,55 3 0,2
1483 6 3,98 0,96
1484 6 3 0
1485 6 3 0
1486 6,67 3 0,45
1487 6 3 0
1488 6 3 0
1489 6 3 0
1490 6,41 3 0,17
1491 6 3 0
1492 6 3 0
1493 6 3 0
1494 5,08 3 0,85
1495 6 3 0
1496 6 3 0
1497 6,16 3 0,02
1498 5,79 3 0,05
1499 6 3 0
1500 6 2,73 0,07
1501 6 3 0
1502 6 3 0
1503 6 3 0
1504 6 3 0
1505 6 3,48 0,23
1506 6 3 0
1507 6 3 0
1508 6 2,63 0,14
1509 6 3 0
1510 6 3 0
1511 5,81 3 0,04
1512 6 3 0
1513 6 3 0
1514 6 3 0
1515 6 2,39 0,37
1516 6 3,1 0,01
1517 6 3,98 0,95
1518 6 3 0
1519 6 3 0
1520 6 3 0
1521 6 3 0
1522 6 3 0
1523 6 3 0
1524 6 3 0
1525 6 3 0
1526 6 3 0
1527 6 3 0
1528 6 3 0
1529 6 3 0
1530 5,11 3,87 1,54
1531 6 2,46 0,3
1532 6 3 0
1533 5,99 3 0
1534 6 3 0
1535 6 3 0
1536 6 3 0
1537 6 3 0
1538 6 2,89 0,01
1539 6 3 0
1540 6 3 0
1541 6 3 0
1542 6 3 0
1543 5,79 3,67 0,49
1544 6 3 0
1545 5,05 3 0,9
1546 6 3 0
1547 6 3 0
1548 5,51 3,22 0,29
1549 5,07 3 0,87
1550 6 3 0
1551 6 3,24 0,06
1552 6 3 0
1553 6 3 0
1554 6 3 0
1555 6 3 0
1556 6 3 0
1557 6 3 0
1558 6 3 0
1559 6 2,87 0,02
1560 6 2,16 0,71
1561 6 3 0
1562 6 3 0
1563 6 3 0
1564 6 3 0
1565 6 3,85 0,72
1566 6 3 0
1567 6 3 0
1568 6 3 0
1569 6 2,15 0,72
1570 6 3 0
1571 6 3 0
1572 5,59 3 0,17
1573 6 3 0
1574 6 2,36 0,41
1575 6,28 3 0,08
1576 6 3 0
1577 5,88 3 0,01
1578 6,09 3 0,01
1579 6 3 0
1580 6 3 0
1581 5,18 3 0,67
1582 6 3 0
1583 6 3,32 0,1
1584 6 3 0
1585 6 3 0
1586 6 3 0
1587 6,7 3 0,49
1588 6 3,87 0,76
1589 6 3 0
1590 5,5 3 0,26
1591 6 3,25 0,06
1592 6 3 0
1593 6 3 0
1594 6,74 3 0,54
1595 5,8 3 0,04
1596 5,92 3 0,01
1597 6 3 0
1598 5,05 3 0,9
1599 6 3 0
1600 5,08 3 0,84
1601 6 3 0
1602 6 3 0
1603 6 3,77 0,59
1604 6 2,81 0,04
1605 6 3 0
1606 6 3 0
1607 6 3 0
1608 6 3 0
1609 6,77 3 0,6
1610 6 3,43 0,18
1611 5,3 2,45 0,78
1612 6 3 0
1613 6 2,35 0,42
1614 6 3 0
1615 6 3 0
1616 6 3 0
1617 6,83 3 0,69
1618 6,83 3 0,69
1619 6 3 0
1620 6 3 0
1621 6 3,96 0,92
1622 6 3 0
1623 5,07 3 0,87
1624 5,89 3 0,01
1625 6 1,96 1,07
1626 6 2,87 0,02
1627 6 3 0
1628 6 3 0
1629 6 3 0
1630 6 3 0
1631 6,19 2,76 0,09
1632 6 3 0
1633 5,62 3 0,14
1634 6 3 0
1635 6 3 0
1636 7,18 3 1,4
1637 6 2,86 0,02
1638 6 3 0
1639 6 3 0
1640 6 3 0
1641 6 3,77 0,59
1642 6 2,25 0,57
1643 6 3 0
1644 6 3 0
1645 6 3 0
1646 6 3 0
1647 6 3 0
1648 5,2 3 0,64
1649 6 2,97 0
1650 6 2,4 0,36
1651 5,25 3 0,56
1652 6 3 0
1653 5,94 3 0
1654 5,91 3 0,01
1655 6,01 3 0
1656 6 3 0
1657 6 3 0
1658 6 3 0
1659 6 3 0
1660 6 3 0
1661 6 3,08 0,01
1662 6 3,68 0,46
1663 6,55 3 0,31
1664 6 3 0
1665 6 3 0
1666 5,57 3 0,19
1667 6 3 0
1668 6 2,85 0,02
1669 6,32 3 0,1
1670 6 2,2 0,64
1671 6 3 0
1672 6,97 3 0,94
1673 6 3 0
1674 6 3 0
1675 6 2,21 0,63
1676 6 2,75 0,06
1677 6 3 0
1678 6 3,11 0,01
1679 6 3 0
1680 6 3 0
1681 6 3 0
1682 6 3 0
1683 6 3 0
1684 6 3 0
1685 6 3 0
1686 6 3 0
1687 6 3 0
1688 6,78 3 0,61
1689 5,43 2,75 0,38
1690 6,45 3 0,2
1691 6 3 0
1692 6,51 3 0,26
1693 6 3 0
1694 6 2,49 0,26
1695 6 3 0
1696 6 3 0
1697 6 3 0
1698 6 3 0
1699 5,43 3 0,32
1700 6 3 0
1701 6,93 3,05 0,86
1702 6 3,11 0,01
1703 6,21 3 0,04
1704 6 3 0
1705 5,84 3 0,02
1706 6 3 0
1707 5,18 3 0,67
1708 6 3 0
1709 6 3,31 0,1
1710 6 3 0
1711 6 3 0
1712 6 3 0
1713 6 3 0
1714 6 3 0
1715 6 3 0
1716 5,75 3 0,06
1717 5,29 3 0,5
1718 6 2,03 0,94
1719 6 3,43 0,18
1720 6 3,95 0,91
1721 6 3 0
1722 5,51 3 0,24
1723 6,15 3 0,02
1724 5,14 3 0,74
1725 6 3 0
1726 6 3 0
1727 6 3 0
1728 6 3,19 0,04
1729 6 3 0
1730 6 3 0
1731 6 3 0
1732 6 3 0
1733 5,81 3 0,04
1734 6,1 2,46 0,31
1735 6 3,9 0,82
1736 6 3 0
1737 6,54 3 0,29
1738 6 3 0
1739 6,37 3 0,14
1740 6 3 0
1741 6 3 0
1742 6 3 0
1743 6 3 0
1744 6,83 2,35 1,11
1745 6,37 3 0,14
1746 6 3 0
1747 5,53 3 0,22
1748 5,11 3 0,78
1749 6,39 3 0,15
1750 6 3 0
1751 6 3 0
1752 6 3 0
1753 6,31 3 0,1
1754 6 3 0
1755 6 3 0
1756 6 3 0
1757 6 3 0
1758 6 3 0
1759 6 3 0
1760 6 3 0
1761 6 3 0
1762 6 3 0
1763 6 3 0
1764 6 3 0
1765 6 2,5 0,25
1766 6 3 0
1767 6 3 0
1768 6 3 0
1769 5,79 3 0,04
1770 6 3 0
1771 5,54 3 0,21
1772 6 3 0
1773 6 3 0
1774 6 3 0
1775 5,88 3 0,01
1776 6 3 0
1777 6 3 0
1778 6 3 0
1779 6 3 0
1780 5,94 3 0
1781 6 3 0
1782 6 3,19 0,04
1783 6 3 0
1784 6 3 0
1785 6 2,07 0,87
1786 6,34 3 0,11
1787 6 2,08 0,84
1788 6 3 0
1789 6 3 0
1790 6 3 0
1791 6 3,98 0,96
1792 6,76 3 0,58
1793 6 2,63 0,13
1794 6 3 0
1795 6 3 0
1796 6 3 0
1797 6 3 0
1798 6 3 0
1799 6 2,94 0
1800 6,82 3 0,68
1801 6 3,59 0,34
1802 6 3 0
1803 6 3 0
1804 5,69 2,08 0,95
1805 6 3,37 0,14
1806 6 3 0
1807 6 3 0
1808 6 3 0
1809 6 3 0
1810 6 3 0
1811 6 3,69 0,48
1812 6 3 0
1813 6 3 0
1814 6 3 0
1815 6 3 0
1816 6 3 0
1817 6,91 2,3 1,32
1818 6 3 0
1819 6,18 3 0,03
1820 6 3 0
1821 6 3 0
1822 6 3 0
1823 6 3 0
1824 6 2,77 0,05
1825 5,47 3 0,28
1826 6 3 0
1827 6 3 0
1828 6 3 0
1829 6 3 0
1830 6 3 0
1831 6,04 3 0
1832 6 3 0
1833 6 3 0
1834 6 3 0
1835 5,8 3 0,04
1836 6 3 0
1837 6 3,81 0,66
1838 6 3 0
1839 6,87 3 0,76
1840 6 2,1 0,81
1841 5,7 3 0,09
1842 6 2,1 0,82
1843 6 3 0
1844 6,72 3 0,52
1845 6 3 0
1846 6,7 3 0,49
1847 6 3,23 0,05
1848 6,5 3 0,25
1849 6 3 0
1850 5,91 3 0,01
1851 6 3 0
1852 6 3 0
1853 6 3 0
1854 6 3 0
1855 6 3 0
1856 5,26 3 0,54
1857 6 3,81 0,66
1858 6 3 0
1859 6 3 0
1860 6 3 0
1861 6 3 0
1862 6 4 0,99
1863 6 3 0
1864 6 3,13 0,02
1865 6 3 0
1866 5,25 3 0,56
1867 5,46 3 0,3
1868 6 3 0
1869 6 2,71 0,08
1870 6 3 0
1871 6 3 0
1872 6 3 0
1873 6 2,49 0,26
1874 6 3 0
1875 6,96 3 0,93
1876 6 2,8 0,04
1877 6 3 0
1878 6 3 0
1879 6 3 0
1880 5,54 3 0,21
1881 6 3 0
1882 6 3 0
1883 6 2,28 0,52
1884 6 3 0
1885 6 3 0
1886 6 3 0
1887 6 3 0
1888 6 2,76 0,06
1889 6 3 0
1890 6,58 3 0,34
1891 6 2,87 0,02
1892 6 3 0
1893 6,13 3 0,02
1894 5,53 2,23 0,82
1895 6 3 0
1896 5,53 2,23 0,82
1897 6 3 0
1898 6 3 0
1899 5,24 3 0,57
1900 6,37 3 0,14
1901 6 3 0
1902 6 3 0
1903 6 3 0
1904 6 2,43 0,33
1905 6 3 0
1906 6,46 3 0,21
1907 6 3 0
1908 6,39 3 0,15
1909 6 3,62 0,38
1910 6 3 0
1911 6 3 0
1912 6 3,23 0,05
1913 6 3 0
1914 5,35 3 0,42
1915 5,27 3 0,53
1916 6 3 0
1917 6 3 0
1918 6 3 0
1919 6 3 0
1920 6 3,53 0,28
1921 6 3 0
1922 6 3 0
1923 6,34 3,58 0,45
1924 5,62 3 0,15
1925 6 3 0
1926 6 3 0
1927 6,05 3,94 0,89
1928 6 3 0
1929 5,56 3 0,2
1930 6 3 0
1931 6,09 3 0,01
1932 6 3 0
1933 6 3 0
1934 5,66 3 0,12
1935 5,55 3,97 1,14
1936 6 3 0
1937 6 2,28 0,52
1938 6 3 0
1939 6 3,6 0,36
1940 6 3 0
1941 6 3 0
1942 6 2,47 0,28
1943 6 3 0
1944 7 3 0,99
1945 6 3 0
1946 6 3 0
1947 6 3 0
1948 6 3 0
1949 6 3 0
1950 6 3 0
1951 6 3 0
1952 6 3,9 0,81
1953 6,47 3 0,22
1954 6 3 0
1955 6 3 0
1956 6 3 0
1957 6,67 3,54 0,74
1958 6,17 3 0,03
1959 6 3,5 0,25
1960 5,35 3 0,42
1961 6 3 0
1962 6 3,37 0,13
1963 5,9 3 0,01
1964 6 3 0
1965 5,43 3 0,32
1966 6 3 0
1967 6 3 0
1968 6 3 0
1969 6 3 0
1970 6 3 0
1971 6 3,7 0,48
1972 6 3 0
1973 6 2,86 0,02
1974 6,54 3 0,3
1975 6 2,61 0,15
1976 6 3 0
1977 6 3 0
1978 6 3 0
1979 6 3 0
1980 6 3 0
1981 6 2,52 0,23
1982 6 3 0
1983 5,29 3 0,51
1984 6 3,59 0,35
1985 5,28 3 0,51
1986 6 3 0
1987 6 3,36 0,13
1988 6 2,67 0,11
1989 5,43 3 0,32
1990 5,34 3 0,44
1991 6 3 0
1992 6 3 0
1993 6 3 0
1994 6 3 0
1995 5,73 3 0,07
1996 6 2,86 0,02
1997 6 3 0
1998 6,61 3 0,37
1999 6 2,78 0,05
2000 6 3 0
