0 143,93 708,02 516073,81
1 40,18 408,52 165610,76
2 26,6 48,98 2538,63
3 25,75 48,72 2480,2
4 35,18 48,72 2941,57
5 5,23 48,72 2090,6
6 26,6 50,19 2651,16
7 26,6 47,91 2441,17
8 26,6 48,4 2485,15
9 26,48 49,28 2561,03
10 26,98 50,05 2653,79
11 26,6 51,55 2781,39
12 26,43 47,7 2415,77
13 26,68 49,02 2544,89
14 25,68 47,91 2404,13
15 25,32 49,02 2490,85
16 26,68 49 2543,23
17 25,68 47,91 2404,22
18 26,71 47,74 2430,86
19 27,96 47,91 2499,31
20 26,51 49,22 2556,48
21 26,4 49,5 2577,88
22 26,6 49,06 2545,48
23 25,65 47,91 2403,07
24 6,88 47,33 1966,3
25 26,46 48,56 2494,28
26 26,71 47,86 2441,34
27 5,5 49,06 2121,41
28 6,68 45,54 1810,3
29 7,75 48,56 2078,91
30 5,12 47,45 1976,27
31 6,87 46,81 1919,65
32 5,9 49,49 2160,99
33 5,05 49,23 2138,38
34 26,18 48,46 2473,76
35 5,87 47,49 1979,04
36 6,87 47,05 1941,41
37 26,01 47,48 2379,29
38 5,29 45,96 1846,49
39 6,87 47,93 2019,34
40 5,93 46,72 1911,25
41 6,93 48,46 2067,18
42 4,81 47,93 2020,01
43 6,09 46,79 1917,41
44 25,41 48,68 2463,48
45 5,94 47,03 1938,26
46 7,19 46,59 1901,7
47 7,19 46,59 1901,7
48 6,84 45,95 1845,49
49 8,11 48,46 2070,78
50 6,93 46,27 1873,18
51 5,7 47,42 1973,66
52 8,25 47,92 2023,24
53 5,7 45,95 1844,86
54 7,52 47,92 2020,47
55 5,24 44,62 1732,87
56 5,94 47,82 2008,87
57 4,81 47,98 2024,31
58 5,2 46,13 1860,45
59 8,69 46,72 1918,49
60 6,63 48,63 2082,91
61 5,2 46,13 1860,45
62 5,18 45,13 1775,49
63 5,66 44,62 1732,41
64 8,4 45,78 1835,67
65 5,7 44,62 1732,39
66 5,7 48,47 2067,42
67 6,7 47,57 1987,03
68 6,6 44,52 1724,59
69 5,29 47,79 2006,36
70 6,52 47,18 1952,12
71 6,52 47,42 1973,83
72 8,9 45,27 1794,86
73 4,87 44 1681,94
74 7,5 43,61 1651,24
75 7,31 44,49 1722,77
76 7,21 45,78 1831,22
77 5,18 45,27 1787,11
78 5,7 44,29 1705,28
79 4,87 44,93 1759,05
80 9,03 45,57 1821,2
81 9,4 43,84 1679,35
82 5,81 43 1599,77
83 6,09 43,2 1615,79
84 4,19 45,13 1778,23
85 9,89 44 1695,84
86 5,51 44,15 1693,43
87 5,33 44,15 1693,62
88 5,13 47,03 1939,77
89 7,66 42,4 1555,41
90 6,18 42,19 1536,09
91 6,09 41,81 1506,18
92 4,63 42,38 1552,42
93 6,29 42,91 1592,52
94 6,64 41,81 1506,97
95 8,08 41,63 1496,39
96 5,48 43,36 1629,49
97 6,76 42,97 1598,07
98 5,13 42,89 1592,05
99 6,65 39,82 1355,88
100 5,64 42,09 1528,53
101 6,65 42,33 1546,95
102 7,24 41,63 1493,6
103 8,83 42,57 1574,01
104 7,42 42,19 1537,6
105 6,65 41,63 1492,49
106 4,67 41,03 1447,73
107 6,82 39,82 1356,13
108 6,39 42,71 1577,07
109 5,18 41,79 1505,03
110 6,49 41,06 1448,9
111 4,13 42,04 1527,48
112 5,14 41,63 1492,82
113 4,08 43,65 1655,86
114 5,14 41,29 1467,09
115 5,57 42,07 1526,33
116 5,33 41,09 1451,53
117 5,68 43,36 1629,33
118 4,77 43,36 1630,73
119 7,16 42,15 1534,28
120 4,97 43,16 1613,51
121 5,44 42,69 1575,53
122 3,45 41,59 1495,55
123 4,75 41,29 1467,92
124 6,76 42,39 1552,39
125 5,57 41,29 1466,53
126 5,32 42,11 1529,7
127 5,14 42,85 1588,9
128 5,52 40,58 1412,35
129 5,52 41,05 1447,77
130 5,49 41,38 1472,95
131 3,61 42,46 1562,98
132 4,16 40,62 1418,98
133 7,16 43,77 1663,43
134 7,16 41,29 1467,7
135 6,65 41,23 1462,05
136 7,41 40,92 1439,69
137 7,68 39,54 1337,7
138 5 40,17 1382,88
139 4,91 39,54 1336,09
140 4,83 39,36 1323,58
141 5 40,27 1389,81
142 6,52 40,27 1389,09
143 4,25 41,66 1497,97
144 4,58 39,31 1320,4
145 4,41 40,27 1391,35
146 5,71 37,75 1207,74
147 7,7 40,5 1409,08
148 5,87 39,95 1365,04
149 6,09 39,54 1334,9
150 4,41 38,98 1296,98
151 5,99 39,62 1340,81
152 3,74 40,05 1377,96
153 4,41 39,54 1337,43
154 7,13 40,04 1372,93
155 3,1 39,18 1317,06
156 6,56 39,45 1329,09
157 4,41 39,54 1337,43
158 4,6 41,19 1460,63
159 4,41 40,53 1410,75
160 7,13 40,06 1374,86
161 8,56 40,22 1392
162 6,31 39,18 1308,73
163 3,1 40,31 1400,26
164 5,87 40,64 1416,72
165 5,03 39,18 1310,1
166 5,61 41,32 1468,23
167 4,42 39,48 1333,59
168 4,42 38,76 1281,41
169 6,46 40,23 1386,06
170 7,32 40,85 1434,16
171 8,31 40,06 1378,9
172 7,13 40,06 1374,85
173 3,73 39,04 1303,71
174 4,95 41,62 1492,85
175 4,63 39,04 1300,42
176 7,27 39,14 1307,74
177 7,33 39,34 1322,68
178 4,59 37,64 1201,83
179 6,1 40,06 1373,58
180 6,91 38,53 1263,12
181 3,53 37,09 1168,16
182 5,6 37,64 1200
183 6,7 38,22 1241
184 5,56 39,65 1343,57
185 6,91 38,63 1270,67
186 5,12 36,37 1114,06
187 6,67 37,89 1217,99
188 6,67 39,14 1306,58
189 5,8 38,69 1274,15
190 5,8 37,57 1195,38
191 6,43 37,89 1217,73
192 6,67 39,16 1307,87
193 6,43 39,3 1317,61
194 5,56 37,03 1158,06
195 8,68 38,15 1242,96
196 7,27 38,42 1256,1
197 8,2 36,87 1152,11
198 6,53 37,57 1195,62
199 5,65 39,2 1310,43
200 5,49 39,21 1311,74
201 6,53 39,83 1356,56
202 8,8 37,64 1207,7
203 7,6 37,37 1183,83
204 6,27 38,44 1255,95
205 4,6 37,02 1159,2
206 6,47 37,34 1179,73
207 8,09 38,36 1254,38
208 5,26 39,18 1309,63
209 5,46 36,87 1147,22
210 5,98 35,87 1080,35
211 8,28 38,57 1270,38
212 5,82 37,45 1186,84
213 6,27 37,1 1162,98
214 8,19 39,02 1302,29
215 9,76 37,52 1205,96
216 10,42 37,17 1187,42
217 7,46 35,67 1069,58
218 7,6 38,92 1292,82
219 5,27 35,67 1067,98
220 7,6 37,83 1215,86
221 6,27 38,92 1290,34
222 8,9 35,63 1073,2
223 6,8 36,47 1121,11
224 6,9 37,12 1164,67
225 8,72 35,08 1036,81
226 8,92 36,8 1150,66
227 4,38 35,86 1082,44
228 8,07 36,12 1101,02
229 8,92 36,95 1160,9
230 7,05 38,92 1291,68
231 5,27 36,24 1105,42
232 7,11 36,9 1150,38
233 8,07 35,84 1082,48
234 3,67 38,64 1275,98
235 8,07 35,67 1071,72
236 9,19 35,58 1071,94
237 7,19 35,61 1064,57
238 7,44 36,62 1132,26
239 5,52 36,05 1092,5
240 8,16 37,6 1201,83
241 4,47 37,6 1199,5
242 2,51 38,03 1239,44
243 6,74 37,78 1210,49
244 7,19 35,29 1044,24
245 4,04 38,1 1235,94
246 5,83 36,56 1126,24
247 8,11 33,69 946,48
248 7,28 34,55 996,98
249 7,95 37,38 1185,47
250 4,04 34,99 1027,1
251 4,69 34,99 1024,97
252 8,11 36,29 1112,35
253 8,11 33,25 919,37
254 8,08 34,74 1011,66
255 4,71 34,1 969
256 6,74 32,22 854,1
257 8,22 34,97 1027,22
258 8,11 33,25 919,37
259 8,11 33,67 945,32
260 7,5 33,26 917,82
261 6,89 34,97 1023,08
262 9,11 33,26 925,21
263 4,35 32,93 898,59
264 4,5 33,91 957,43
265 3,84 33 904,59
266 4,35 33 902,65
267 4,9 33,17 911,21
268 8,92 32,64 887,15
269 7,38 33,54 934,46
270 7,35 33 901,74
271 3,71 34,2 978,73
272 8,86 32,68 888,95
273 7,13 31,97 840,77
274 8,86 32,68 888,95
275 6,45 34,34 982,47
276 6,45 32,22 853,75
277 6,12 31,66 821,42
278 8,38 31,3 806,59
279 8,86 32,32 867,93
280 3,58 33,48 934,83
281 8,37 31,61 824,2
282 3,58 33,58 941,05
283 9,6 34,41 999,28
284 7,76 31,59 820,26
285 8,37 31,61 824,2
286 8,36 32,64 884,23
287 8,28 32,22 858,75
288 5,6 30,09 734,16
289 6,6 31,29 800,68
290 8,86 32,02 850,45
291 8,28 32,59 880,72
292 6,86 29,18 686,29
293 5,58 30,06 732,37
294 8,44 30,1 740,22
295 6,4 31,29 800,48
296 9,28 31,35 814,65
297 9,77 29,84 734,66
298 7,9 29,37 699,23
299 4,16 33,93 960,12
300 5,88 29,52 703,51
301 8,95 31,43 817,11
302 8,82 33,66 947,74
303 9,34 28,65 669,06
304 7,91 33,86 956,2
305 10,58 29,52 724,51
306 5,88 31,5 812,52
307 6,77 28,65 658,52
308 10,07 32,68 897,42
309 8,72 31,38 812,75
310 9,8 31,17 807,81
311 6,77 31,5 813,09
312 5,95 28,65 657,93
313 8,85 29,39 704,71
314 8,85 31,65 828,88
315 6,77 31,31 802,09
316 8,8 29,95 734,36
317 8,42 28,26 644,16
318 10,49 28,26 658,48
319 11 28,26 663,21
320 4,8 28,69 661,46
321 8,47 29,25 695,04
322 9,78 30,45 767,62
323 10 28,65 673,9
324 8,47 29,78 723,41
325 7,7 28,11 633,55
326 9,42 30,43 764,06
327 9,29 28,51 661,47
328 9,29 28,51 661,47
329 9,43 28,7 672,28
330 9,92 28,66 673,96
331 8,16 28,68 664,34
332 9,56 27,79 627,04
333 7,42 29,85 722,98
334 7,83 29,61 711,6
335 10,09 27,76 629,66
336 8,87 28,19 642,74
337 9,18 30,16 747,78
338 7,83 30,16 741,01
339 10,62 28,27 659,8
340 9,92 27,31 606,32
341 10,09 27,75 629,52
342 8,95 25,87 531,63
343 8,24 30,86 781,12
344 11,07 27,45 623,48
345 9,58 26,64 571,6
346 9,92 26,31 558,61
347 8,47 26,98 581,23
348 8,32 26,69 566,66
349 7,84 26,53 556,96
350 8,31 26,27 546,97
351 11,26 25,12 517
352 10,03 26,64 575,05
353 9,23 26,3 553,41
354 8,52 26,45 556,06
355 11,08 25,65 538,91
356 6,8 26,62 558,59
357 8,52 27,24 593,72
358 9,86 26,45 564,57
359 10,13 25,12 506,4
360 9,41 27,68 620,81
361 6,58 25,91 525,33
362 7,25 27,14 584,17
363 10,81 27,75 635,53
364 9,77 28,03 640,52
365 9,77 28,03 640,52
366 9,27 26,6 567,75
367 8,52 27,14 588,97
368 11,49 27,25 618,37
369 10,06 23,79 448,6
370 9,76 25,34 513,38
371 9,77 24,1 459,25
372 9,83 24,65 483,37
373 8,92 23,98 448,83
374 10,42 23,27 430,25
375 10,23 23,39 433,53
376 9,38 22,57 394,35
377 10,09 23,27 427,52
378 10,32 23,36 433,33
379 10,89 24,87 502,08
380 11,22 22,97 426,12
381 7,87 23,27 414,26
382 10,76 22,56 405,37
383 10,95 22,67 411,51
384 6,98 21,34 337,16
385 11,36 20,95 350,9
386 10,92 24,33 479
387 11,36 21,09 356,1
388 10,92 23,75 454,86
389 7,91 23,27 414,73
390 11,14 23,68 453,89
391 9,62 22,24 383,39
392 9,93 20,61 325,43
393 8,56 24,43 465,77
394 10,89 20,72 337,8
395 10,48 20,64 331,41
396 10,89 21,39 361,95
397 9,96 20,23 312,48
398 9,6 21,76 364,81
399 9,96 21,2 346,77
400 10,03 19,92 302,57
401 10,2 21,46 358,42
402 9,49 19,22 275,18
403 10,2 20,48 323,12
404 9,59 20,48 318,39
405 10,3 21,34 354,71
406 10,3 20,47 323,81
407 10,2 19,48 289,34
408 9,17 20,91 330,69
409 11,27 20,15 321,68
410 9,96 19,92 301,99
411 11,84 20,38 336,26
412 11,75 19,53 306,18
413 10,3 19,48 290,23
414 10,3 21,42 357,99
415 10,54 19,09 279,52
416 11,75 19,53 306,18
417 9,14 20,16 304,42
418 10,18 19,59 292,61
419 9,19 19,19 272,33
420 10,64 19,31 287,67
421 10,54 20,91 341,27
422 9,71 20,34 314,33
423 13,01 20,16 343,76
424 9,55 19,59 287,7
425 8,35 19,29 270,75
426 9,14 19,59 284,96
427 9,32 18,25 243,61
428 9,14 18,08 237,21
429 8,62 19,8 288,97
430 8,99 20,06 300,09
431 11,1 17,24 228,84
432 9,32 19,38 279,21
433 8,86 19,29 273,39
434 10,09 17,27 220,32
435 9,46 20,15 305,98
436 9,91 15,95 182,91
437 9,51 17,94 235,65
438 9,94 17,22 217,61
439 9,79 17,93 237,31
440 10,09 17,19 218,06
441 10,1 17,22 218,87
442 9,45 17,52 222,81
443 8,76 18,87 259,44
444 9,64 17,17 214,01
445 9,14 18,25 242,27
446 10,46 17,17 220,62
447 8,82 19,04 265,15
448 9,39 18,13 240,34
449 8,82 16,42 187,96
450 8,27 17,07 203,13
451 8,19 14,97 148,12
452 9,62 16,86 205,24
453 9,14 16,39 189,01
454 8,08 16,23 179,47
455 8,58 17,62 220,39
456 8,96 16,36 187,18
457 8,96 16,35 187,02
458 9,3 13,96 130,91
459 8,98 13,45 118,15
460 7,24 16,23 176,71
461 9,3 13,45 120,16
462 9,1 17,09 208,07
463 9,71 14,61 148,69
464 9,3 14,43 141,56
465 8,08 16,98 199,69
466 8,61 14,4 136,66
467 6,91 14,13 124,65
468 7,51 13,32 108,74
469 9,83 15,57 172,7
470 8,08 13,69 118,57
471 8,25 15,24 154,97
472 7,61 15,05 147,7
473 8,3 14,5 137,52
474 8,71 13,69 121,57
475 8,06 13,69 118,48
476 7,68 11,92 82,38
477 8,55 11,34 76,1
478 8,55 13,2 110,65
479 7,71 11,86 81,49
480 7,74 12,96 102,17
481 8,3 12,63 98,03
482 7,74 11,34 72,6
483 8,6 10,93 69,66
484 6,91 10,93 63,7
485 7,55 10,63 60,64
486 8,09 11,67 79,49
487 6,58 10,63 58,57
488 6,54 10,93 63,16
489 7,44 11,55 75,19
490 7,27 10,49 57,71
491 6,58 10,82 61,47
492 7,55 9,54 45,16
493 8,69 11,2 74,52
494 7,92 10,81 64,76
495 6,79 9,59 43,99
496 6,75 7,77 23,33
497 6,78 9,97 49,19
498 6,58 8,18 27,19
499 5,76 8,7 32,5
500 6,25 10,57 57,35
501 6,25 8,7 32,5
502 7,59 9,49 44,64
503 5,76 7,02 16,18
504 6,18 9,36 40,43
505 7,1 7,6 22,39
506 6,3 7,27 18,35
507 7,25 7,02 17,7
508 6,71 7,02 16,63
509 5,43 7,02 16,45
510 5,88 5,27 5,19
511 6,25 7,11 16,95
512 6,03 5,86 8,2
513 7,31 4,59 4,26
514 3,33 4,58 9,61
515 4,74 4,76 4,7
516 6,11 3,18 0,04
517 6,11 2,49 0,27
518 6,11 3,18 0,04
519 5,62 2,87 0,16
520 6,11 3,44 0,2
521 5,86 3,18 0,05
522 6,02 2,9 0,01
523 6,11 2,98 0,01
524 5,78 2,98 0,05
525 6,45 2,98 0,2
526 6,04 3 0
527 5,94 2,99 0
528 6,02 3,9 0,82
529 6,02 2,45 0,3
530 6,02 2,99 0
531 6,21 2,99 0,05
532 6,02 2,99 0
533 6,02 2,99 0
534 6,02 2,99 0
535 6,02 2,99 0
536 5,79 2,99 0,05
537 6,02 3,3 0,09
538 5,17 2,99 0,68
539 6 3,58 0,33
540 5,99 2,99 0
541 6 2,99 0
542 5,99 2,99 0
543 6 2,99 0
544 5,99 2,99 0
545 6,28 2,99 0,08
546 6 2,99 0
547 5,82 3 0,03
548 6 3 0
549 5,99 2,99 0
550 6,51 3 0,26
551 6 3 0
552 6 3,17 0,03
553 6 3 0
554 6 2,09 0,84
555 6 2,09 0,84
556 6 3 0
557 6 3,17 0,03
558 5,86 3 0,02
559 6 3 0
560 6 2,93 0
561 6 3 0
562 6,44 3 0,19
563 5,93 3 0
564 6 3 0
565 6 3 0
566 5,86 3 0,02
567 6 3,48 0,23
568 6 3 0
569 5,71 3 0,08
570 6 3 0
571 6 3 0
572 6 3 0
573 6 3,61 0,37
574 6 2,11 0,79
575 6 3 0
576 6 2,05 0,9
577 6 3 0
578 6 3 0
579 6 2,87 0,02
580 6 3 0
581 6 3 0
582 6 3,19 0,04
583 6 3 0
584 6 2,46 0,3
585 6 3 0
586 6 3 0
587 5,77 3 0,05
588 5,77 3 0,05
589 6 3 0
590 6 3 0
591 6,55 3 0,31
592 6 2,24 0,58
593 6 3 0
594 6 3 0
595 6,45 3 0,2
596 5,17 3 0,69
597 6,04 3 0
598 6 3,09 0,01
599 6 2,33 0,45
600 6 3,17 0,03
601 6 3 0
602 6 3,87 0,75
603 6 3 0
604 6 3 0
605 6 3 0
606 6 3 0
607 6,95 3 0,9
608 6 3,9 0,81
609 6 3 0
610 6 3 0
611 5,79 3 0,04
612 6 3 0
613 6 3 0
614 6 3 0
615 6 3 0
616 6 3 0
617 6,49 3 0,24
618 6 3,55 0,3
619 6 3,88 0,77
620 6 3 0
621 6,52 3 0,27
622 6 2,42 0,33
623 6 3 0
624 6 3 0
625 6 3 0
626 6 3 0
627 6 3 0
628 6 3 0
629 6 3 0
630 6 3 0
631 5,96 3 0
632 6 2,66 0,12
633 6,85 3 0,73
634 6 3 0
635 6 3 0
636 6 3 0
637 6 3 0
638 6 3 0
639 6 3,39 0,15
640 6 3,74 0,54
641 6 3 0
642 6 3 0
643 6 3 0
644 6,58 3 0,34
645 5,94 2,21 0,63
646 6 3,05 0
647 6 3 0
648 6 3,62 0,39
649 6 3 0
650 6 3 0
651 6 3 0
652 6 3 0
653 6 3 0
654 6 3 0
655 6 3 0
656 6 3 0
657 6 3 0
658 6,47 4,37 2,1
659 5,83 3,34 0,15
660 6 3 0
661 5,54 2,07 1,09
662 6 3 0
663 6 2,01 0,98
664 6 3,95 0,9
665 6 3 0
666 6 3 0
667 5,89 3 0,01
668 6 3 0
669 6 3 0
670 6 3 0
671 6 3 0
672 6,39 3 0,15
673 6 3 0
674 6 3 0
675 6 2,6 0,16
676 6 3,73 0,53
677 6 3 0
678 6 3 0
679 6 3,19 0,04
680 6 3 0
681 6 3 0
682 6 3 0
683 6 3 0
684 6 3,73 0,54
685 6 3 0
686 6 3 0
687 6 3 0
688 5,58 2,14 0,91
689 5,57 2,26 0,73
690 6 3 0
691 6 3 0
692 6 3 0
693 6 2,55 0,2
694 6 2,41 0,35
695 6,28 3 0,08
696 6 3 0
697 6,28 3 0,08
698 6 3 0
699 6 3 0
700 6 3 0
701 6 3,88 0,77
702 5,25 3 0,56
703 6 3 0
704 6 3 0
705 6 3 0
706 6 3,43 0,19
707 6 3 0
708 5,84 3 0,03
709 6,88 3 0,77
710 6 3 0
711 6 3 0
712 6 3 0
713 6 3 0
714 6 3 0
715 6 3 0
716 6 3 0
717 6 3 0
718 6 3 0
719 6 3 0
720 6,43 3,63 0,58
721 6 3,95 0,9
722 6 3 0
723 6,7 3 0,5
724 6 2,95 0
725 6,66 3 0,44
726 6 3 0
727 6 3 0
728 6,31 3 0,1
729 6,86 3 0,74
730 6 3 0
731 5,37 3 0,39
732 6 3,53 0,28
733 6 3 0
734 6 3 0
735 6 2,68 0,11
736 6 3 0
737 6 3 0
738 6 2,1 0,81
739 6 3 0
740 6 3 0
741 6 3 0
742 6 2,32 0,46
743 6,77 3 0,6
744 6 3 0
745 6 3,61 0,37
746 6 3 0
747 6 3 0
748 6 3 0
749 6 3 0
750 6 3 0
751 6 3 0
752 6 3 0
753 6 3 0
754 6 3 0
755 5,83 3 0,03
756 6,24 3 0,06
757 6 3 0
758 6 3 0
759 6 2,89 0,01
760 5,19 3 0,65
761 6,15 3,23 0,08
762 5,57 3 0,19
763 6 3 0
764 6 2,97 0
765 6 3 0
766 6 3 0
767 6 3 0
768 6 3 0
769 5,46 3 0,3
770 6 2,9 0,01
771 6 3 0
772 6 3 0
773 6 2,37 0,4
774 6 3 0
775 6 3 0
776 6 3 0
777 6 3 0
778 6 3 0
779 6 3 0
780 6 3,39 0,15
781 6 3 0
782 6,33 2,15 0,84
783 6 3 0
784 6 3 0
785 6 3,49 0,24
786 6,54 3 0,3
787 6,6 3 0,36
788 6 3 0
789 6 3 0
790 6,97 3 0,94
791 6 3 0
792 6 3 0
793 6,45 3 0,2
794 6 3,06 0
795 6,39 3 0,15
796 5,43 3 0,33
797 6 3 0
798 6 3 0
799 5,54 3 0,21
800 6 3 0
801 6 3,24 0,06
802 6 3 0
803 6 3 0
804 5,77 3 0,06
805 6 3 0
806 6 3,45 0,2
807 6,6 3 0,36
808 6,11 3,05 0,01
809 5,36 3 0,41
810 6 3 0
811 6,97 3 0,93
812 6 3 0
813 6 2,24 0,57
814 6 2,31 0,47
815 5,4 3 0,37
816 6 2,93 0
817 6 3 0
818 6 3 0
819 6 3 0
820 6 3 0
821 6 3 0
822 6 3 0
823 6 3 0
824 6 3 0
825 6 3 0
826 6 3,48 0,23
827 6 3 0
828 6 3 0
829 6 3 0
830 6 3 0
831 6 3 0
832 6 3 0
833 6 3 0
834 6 3,67 0,45
835 6 2,55 0,2
836 6 3 0
837 6 3 0
838 6,89 3 0,79
839 6 2,26 0,54
840 6 3 0
841 6 3 0
842 6 3,28 0,08
843 6 3 0
844 6 3 0
845 6 3 0
846 6 3 0
847 6 3 0
848 6 3,38 0,14
849 6 3 0
850 6 3 0
851 6 3 0
852 6,24 3 0,06
853 5,02 3 0,96
854 6 3 0
855 6 3 0
856 6,44 3,02 0,2
857 6 3 0
858 5,35 3 0,43
859 6 3 0
860 6 3 0
861 6,22 3 0,05
862 6 3 0
863 6 3 0
864 6,02 3 0
865 6 3 0
866 6 2,62 0,14
867 6 2,46 0,29
868 6 3 0
869 6 3 0
870 6,64 3 0,4
871 6 3 0
872 6 3 0
873 6 3 0
874 6 3 0
875 6,28 3,72 0,59
876 6 3 0
877 6 3 0
878 5,37 3 0,39
879 6 2,57 0,18
880 6 3 0
881 6 3 0
882 6 3,76 0,57
883 6 3 0
884 6,8 3 0,63
885 6 3 0
886 5,61 3 0,15
887 6 3 0
888 5,55 3 0,2
889 6,24 3 0,06
890 5,43 3 0,33
891 6 3 0
892 6 3 0
893 6 3,25 0,06
894 6 2,1 0,81
895 6 2,91 0,01
896 6 3 0
897 6 3 0
898 6 3 0
899 6 3 0
900 6 2,4 0,36
901 6 2,19 0,65
902 6 3 0
903 6 3 0
904 6 4,26 1,6
905 6 3 0
906 6 3 0
907 6 3 0
908 6 3 0
909 5,05 3 0,9
910 6 2,61 0,15
911 6 3 0
912 5,5 2,08 1,1
913 6 3 0
914 6 3 0
915 6,37 3 0,13
916 6,23 3 0,05
917 6 3 0
918 5,53 3 0,22
919 5,5 3 0,25
920 6 3 0
921 6 3 0
922 6 3,14 0,02
923 6 3,34 0,12
924 6 3 0
925 6 3,96 0,92
926 6 3 0
927 6,4 3 0,16
928 6 2,82 0,03
929 6,32 3 0,1
930 6 3 0
931 6 2,86 0,02
932 6 2,54 0,21
933 6 3 0
934 6 3 0
935 6 3 0
936 6,21 3,44 0,24
937 6,33 3 0,11
938 6 3 0
939 6 3 0
940 6 3 0
941 6 3 0
942 6 2,93 0,01
943 6 3 0
944 6 3 0
945 6 2,83 0,03
946 6 2,76 0,06
947 6 2,57 0,18
948 6 3 0
949 6 3 0
950 6 2,07 0,87
951 6 3 0
952 5,49 3,13 0,28
953 6 3 0
954 6 3,4 0,16
955 6 3 0
956 6 3 0
957 6 3,43 0,19
958 6 3,43 0,19
959 6 3 0
960 6 3 0
961 6 3 0
962 6 2,8 0,04
963 6 3 0
964 6 3,87 0,75
965 6 3 0
966 6 3 0
967 6 2,95 0
968 6 3 0
969 6,83 3 0,7
970 6 3 0
971 6,64 3 0,4
972 6 3 0
973 6 3 0
974 6 3 0
975 6,36 3,44 0,32
976 6 3 0
977 6 2,86 0,02
978 6 3 0
979 6 3 0
980 6 3,66 0,44
981 6 3 0
982 6 3 0
983 6 3 0
984 6 3 0
985 6 3 0
986 6 3 0
987 6 3 0
988 6 3 0
989 6 3,84 0,7
990 6 3,63 0,4
991 6 3 0
992 6,39 2,16 0,86
993 5,66 3 0,12
994 5,01 3 0,97
995 6 3 0
996 6 3 0
997 6 3 0
998 6,15 3 0,02
999 6 3 0
1000 6 3 0
1001 6 3 0
1002 6 3 0
1003 6 3 0
1004 6 3 0
1005 6,25 3 0,06
1006 6,25 3 0,06
1007 6 3 0
1008 6 3 0
1009 6 2,51 0,24
1010 6 2,76 0,06
1011 6,12 3 0,01
1012 6 3 0
1013 6 3 0
1014 6 3 0
1015 6 3 0
1016 6 3 0
1017 6 3 0
1018 6 2,08 0,85
1019 6 3 0
1020 6,3 3 0,09
1021 6 3 0
1022 6 3 0
1023 6 3,37 0,14
1024 6 3 0
1025 6 3,75 0,57
1026 5,68 3 0,1
1027 6 3 0
1028 6 3 0
1029 6 3 0
1030 5,58 3 0,18
1031 6 3 0
1032 6 3 0
1033 6 3,25 0,06
1034 6 3 0
1035 6 3,94 0,88
1036 6 3 0
1037 6 3,46 0,21
1038 6,5 3 0,25
1039 6 3 0
1040 5,78 3 0,05
1041 6 3 0
1042 6 2,35 0,43
1043 6 3 0
1044 6 3 0
1045 6 3 0
1046 6,03 3 0
1047 5,05 3 0,9
1048 6 3 0
1049 6 3 0
1050 6 3 0
1051 6 3 0
1052 6 3 0
1053 5,1 3 0,81
1054 6 3,55 0,3
1055 6 3 0
1056 6 3 0
1057 6 3,76 0,57
1058 6 3 0
1059 5,69 3 0,1
1060 6 3,05 0
1061 6 3 0
1062 6,84 3 0,7
1063 6 3 0
1064 6,9 3 0,81
1065 6 3 0
1066 6 3 0
1067 5,89 2,32 0,47
1068 5,03 3 0,93
1069 6 3 0
1070 6 3 0
1071 6 2,75 0,06
1072 6 3 0
1073 6 3 0
1074 6 3 0
1075 6 3 0
1076 6 2,43 0,32
1077 6,25 3 0,06
1078 6 3 0
1079 5,35 3 0,42
1080 6 3,09 0,01
1081 6 3 0
1082 6,52 3 0,27
1083 6 3,92 0,85
1084 6 3 0
1085 6 3 0
1086 6 3,51 0,26
1087 6 3 0
1088 6 3 0
1089 6 3 0
1090 6,06 3 0
1091 6 3 0
1092 6 3 0
1093 6 3 0
1094 6 3 0
1095 6 2,29 0,51
1096 6 3 0
1097 6 3 0
1098 6,71 3 0,5
1099 6 3 0
1100 6 3 0
1101 5,92 3,2 0,05
1102 6 3 0
1103 6 3 0
1104 6 3 0
1105 6 3 0
1106 6 3 0
1107 5,47 3 0,28
1108 5,76 3 0,06
1109 6 3 0
1110 6 3 0
1111 6,76 3 0,58
1112 6 3 0
1113 6 3 0
1114 6 3 0
1115 6 2,36 0,41
1116 6,9 3 0,81
1117 6 2,35 0,42
1118 5,2 3 0,64
1119 6 3 0
1120 6 3 0
1121 6 3 0
1122 6 3 0
1123 6 3 0
1124 6 3 0
1125 6 3 0
1126 6 2,78 0,05
1127 6 2,34 0,43
1128 6 3 0
1129 6 2,02 0,95
1130 6 3 0
1131 6,09 3 0,01
1132 6 3,2 0,04
1133 6 3 0
1134 6 3 0
1135 6 3 0
1136 6 2,35 0,42
1137 6 3,77 0,59
1138 6 3 0
1139 6 3 0
1140 6 3 0
1141 6 3 0
1142 6 3 0
1143 6 3 0
1144 6 3 0
1145 6 3 0
1146 6 3 0
1147 6 3 0
1148 6 3 0
1149 6 3 0
1150 6 3 0
1151 6,67 3 0,45
1152 6 2,51 0,24
1153 6 3 0
1154 6 2,82 0,03
1155 6 3 0
1156 6 3 0
1157 6 3 0
1158 6 3 0
1159 6 3,02 0
1160 6 3 0
1161 6 3 0
1162 6 3,26 0,07
1163 6 3 0
1164 6 3 0
1165 5,41 3 0,35
1166 6 3 0
1167 5,43 3 0,33
1168 6 3 0
1169 6,44 3 0,19
1170 6 3 0
1171 6 3,42 0,18
1172 6 3 0
1173 6,33 3 0,11
1174 6 3 0
1175 6 3 0
1176 6 3 0
1177 6 3 0
1178 6 3 0
1179 6 3 0
1180 6 3 0
1181 6 2,22 0,61
1182 6 3 0
1183 6 3 0
1184 6 3 0
1185 6 3 0
1186 5,4 3 0,36
1187 6 3 0
1188 6 3 0
1189 6 3,51 0,26
1190 5,91 3 0,01
1191 6 3 0
1192 6 3 0
1193 6 3 0
1194 6 3 0
1195 5,69 2,74 0,16
1196 6 3,64 0,41
1197 5,72 3 0,08
1198 6 3 0
1199 6 3 0
1200 6 3 0
1201 6 3 0
1202 6,39 3 0,16
1203 6 3,75 0,56
1204 6,72 3 0,52
1205 5,76 3 0,06
1206 5,86 3 0,02
1207 6,39 3 0,15
1208 6 3 0
1209 6 3 0
1210 6,13 3 0,02
1211 6 3 0
1212 6,92 3 0,85
1213 6 3 0
1214 6 3 0
1215 6 3 0
1216 6 3 0
1217 6 3,97 0,94
1218 6 3 0
1219 6 3 0
1220 6 3 0
1221 6 3,23 0,05
1222 6 3 0
1223 6 3 0
1224 6 3 0
1225 6 3 0
1226 6 3 0
1227 6 3,63 0,4
1228 6 3,66 0,44
1229 6 3 0
1230 6 3 0
1231 6 3 0
1232 6 3 0
1233 6 3 0
1234 6,02 3 0
1235 6 2,71 0,08
1236 6 3 0
1237 6 3 0
1238 6 3 0
1239 6,55 3 0,31
1240 6 3 0
1241 6 3 0
1242 6 3 0
1243 6,85 3 0,73
1244 6 3 0
1245 6 3,67 0,45
1246 5,37 3 0,4
1247 6 3 0
1248 5,9 3 0,01
1249 6 3 0
1250 6 3,13 0,02
1251 6 3 0
1252 6 3 0
1253 6 3 0
1254 6 3 0
1255 5,47 2,62 0,42
1256 6 3,6 0,36
1257 6 3,1 0,01
1258 6 3 0
1259 6 3 0
1260 6 3 0
1261 6 3 0
1262 6 3,28 0,08
1263 6 3 0
1264 6 3 0
1265 6 2,77 0,05
1266 6 3 0
1267 6,87 3 0,76
1268 6 3 0
1269 5,74 3 0,07
1270 6 3 0
1271 6,68 3 0,46
1272 6 3 0
1273 6 3 0
1274 6 3 0
1275 6 3 0
1276 6,53 3 0,28
1277 6 3 0
1278 6 3,42 0,17
1279 6 3 0
1280 6 3 0
1281 6 3 0
1282 6 3,43 0,19
1283 6 3 0
1284 6,76 3 0,58
1285 6 3 0
1286 6 3 0
1287 6 3 0
1288 6 2,88 0,01
1289 6 3 0
1290 6 2,79 0,04
1291 6 3 0
1292 6 3 0
1293 6,93 3 0,87
1294 6,6 3 0,36
1295 6 3 0
1296 5,56 3 0,2
1297 6,71 3 0,5
1298 6 3 0
1299 6 2,42 0,34
1300 6 3 0
1301 6 3 0
1302 6 2,18 0,67
1303 6 3,51 0,26
1304 6 2,59 0,17
1305 6 3 0
1306 6 3 0
1307 6 3 0
1308 5,15 3 0,72
1309 6,75 3 0,57
1310 6 3 0
1311 6,98 3 0,96
1312 6 2,24 0,58
1313 6 3,17 0,03
1314 6 3 0
1315 6 3,19 0,03
1316 6 3 0
1317 6 3 0
1318 6 2,46 0,29
1319 6 3 0
1320 6 3 0
1321 5,41 3,68 0,82
1322 6 3 0
1323 6 3 0
1324 6 3,05 0
1325 6 3 0
1326 6 3 0
1327 5,38 3 0,38
1328 6 3 0
1329 6 3,65 0,42
1330 5,2 2,92 0,64
1331 6 3,83 0,69
1332 6 3 0
1333 6 3 0
1334 6 3 0
1335 5,13 3 0,76
1336 6 3 0
1337 6 3 0
1338 6 3 0
1339 5,09 3 0,83
1340 6 3,7 0,49
1341 6 3 0
1342 6 3 0
1343 6,7 3 0,48
1344 7 3 0,99
1345 6 3 0
1346 6 3 0
1347 6 3 0
1348 6 3 0
1349 6 2,27 0,54
1350 6 2,27 0,54
1351 6 3 0
1352 6,96 3 0,92
1353 5,02 3 0,96
1354 6 2,05 0,9
1355 6 3 0
1356 5,49 3 0,26
1357 6,42 3 0,18
1358 5,22 3 0,6
1359 6 3 0
1360 6 2,49 0,26
1361 6 3 0
1362 6 3,54 0,29
1363 6 3 0
1364 6 3 0
1365 6 3 0
1366 6 3 0
1367 6 3 0
1368 6 3 0
1369 6 3 0
1370 6 2,28 0,52
1371 6 3 0
1372 6 3 0
1373 6 3 0
1374 6 2,92 0,01
1375 6 3 0
1376 6 2,67 0,11
1377 6 3 0
1378 6 3 0
1379 6,94 3 0,89
1380 6 3 0
1381 6 3 0
1382 6 3 0
1383 6 3 0
1384 6 3 0
1385 6 3,68 0,46
1386 6 3 0
1387 6,08 3 0,01
1388 6 3,61 0,37
1389 6 3 0
1390 6 3 0
1391 6 2,4 0,37
1392 6 3 0
1393 6 3 0
1394 6 3 0
1395 6 3 0
1396 6,87 3 0,76
1397 6 3,76 0,58
1398 6 3 0
1399 6 3 0
1400 6 3 0
1401 6 3,04 0
1402 6 3,35 0,12
1403 6,84 3 0,7
1404 6 3 0
1405 5,1 3 0,81
1406 6 3 0
1407 6 3 0
1408 6 3 0
1409 6 3 0
1410 6 3 0
1411 6 3 0
1412 6 3 0
1413 5,93 3 0
1414 6 3 0
1415 6,67 3 0,45
1416 6 2,27 0,53
1417 5,62 3 0,15
1418 6 3 0
1419 6 2,22 0,62
1420 6 3 0
1421 6 3 0
1422 6 2,19 0,65
1423 6 3 0
1424 6 3 0
1425 6 3,91 0,83
1426 6 3 0
1427 6 3 0
1428 6 3 0
1429 6 3 0
1430 6 3 0
1431 5,46 3 0,29
1432 6 3 0
1433 6 3 0
1434 6 3 0
1435 6 3 0
1436 6 3 0
1437 6,57 3 0,32
1438 6 3,79 0,63
1439 6 3 0
1440 6 3 0
1441 6,18 3 0,03
1442 6 3 0
1443 6 3 0
1444 6 3 0
1445 6 3 0
1446 6 3 0
1447 6 2,8 0,04
1448 6 3 0
1449 6 3,78 0,61
1450 6 3 0
1451 6 3 0
1452 6 3,85 0,72
1453 6 3 0
1454 6 3 0
1455 5,03 3 0,94
1456 6 3 0
1457 6 3 0
1458 6 2,16 0,7
1459 6 3,21 0,04
1460 6 3 0
1461 6 3,93 0,87
1462 6 3,15 0,02
1463 5,13 3 0,76
1464 6 3 0
1465 6 3,97 0,94
1466 6 3 0
1467 6 3 0
1468 6 3 0
1469 6 3 0
1470 6 3 0
1471 6 3 0
1472 6 3 0
1473 6,06 2,11 0,8
1474 6 2,95 0
1475 6 3 0
1476 6 3 0
1477 6 3 0
1478 6 3 0
1479 6 3 0
1480 6 3,04 0
1481 6 3 0
1482 6 3 0
1483 6 2,38 0,39
1484 5,57 3 0,19
1485 6,14 3 0,02
1486 6 3 0
1487 6 3 0
1488 6 3 0
1489 5,47 3 0,28
1490 5,94 4,6 2,55
1491 5,73 3 0,08
1492 6 3 0
1493 6 3 0
1494 6,34 3 0,12
1495 6 3 0
1496 6 3 0
1497 6 3 0
1498 6 2,92 0,01
1499 6 3,7 0,5
1500 6 3 0
1501 6 3 0
1502 6 2,97 0
1503 6 3,02 0
1504 6 3 0
1505 6 3 0
1506 6 3 0
1507 5,11 3 0,79
1508 6 3,46 0,21
1509 5,8 3 0,04
1510 6 3 0
1511 6 3,71 0,5
1512 6 3 0
1513 6 3 0
1514 6,03 3 0
1515 6 3 0
1516 6 3 0
1517 6 3 0
1518 6 3 0
1519 6 2,44 0,31
1520 5,93 3 0,01
1521 6 2,4 0,36
1522 6 3 0
1523 6 3,93 0,86
1524 6 3 0
1525 6 2,71 0,08
1526 6 3 0
1527 6 3 0
1528 5,01 3 0,98
1529 5,21 3 0,62
1530 6 3 0
1531 6 3 0
1532 6 3 0
1533 6 3 0
1534 6 3 0
1535 6 3,54 0,29
1536 6 3 0
1537 6,06 3 0
1538 6 3 0
1539 6 3 0
1540 6 3 0
1541 6 3,04 0
1542 6,96 2,13 1,67
1543 6 3 0
1544 6 3 0
1545 6 3 0
1546 6 3 0
1547 6 3 0
1548 6 3 0
1549 6 3 0
1550 6 3 0
1551 6 3 0
1552 6 3 0
1553 6 3 0
1554 6 3 0
1555 6 3 0
1556 6 2,01 0,98
1557 6 3 0
1558 6,25 3 0,06
1559 6,6 3 0,36
1560 6 3,72 0,52
1561 6 2,28 0,52
1562 6,49 3 0,24
1563 6 3 0
1564 6 3 0
1565 6 3 0
1566 6,64 3 0,4
1567 5,2 3,47 0,87
1568 6 3 0
1569 5,95 3 0
1570 6 3 0
1571 6 3 0
1572 5,01 3 0,98
1573 6,96 3 0,92
1574 6 2,34 0,44
1575 6 3 0
1576 6 3 0
1577 6,76 3 0,58
1578 6 3 0
1579 6 3 0
1580 6 3 0
1581 6 3 0
1582 6 3 0
1583 6 3,73 0,53
1584 5,61 3 0,15
1585 6 3 0
1586 6 3 0
1587 6 3 0
1588 6 3 0
1589 7 3 1
1590 6 3,91 0,83
1591 6 2,33 0,45
1592 6 3 0
1593 6 3 0
1594 6 3 0
1595 6 3 0
1596 6 3 0
1597 6 3 0
1598 6 2,59 0,17
1599 6 3 0
1600 6 3 0
1601 6 3,76 0,58
1602 6 3 0
1603 6 3 0
1604 6,23 3 0,05
1605 6 3 0
1606 6 3 0
1607 6,19 3 0,04
1608 6 2,46 0,3
1609 6,47 3 0,22
1610 6 3,51 0,26
1611 6 3 0
1612 6 3 0
1613 6 3 0
1614 6 3 0
1615 6 2,73 0,07
1616 6 2,2 0,63
1617 6 3 0
1618 6 3 0
1619 6 3 0
1620 6 3 0
1621 6,75 3 0,56
1622 6 3 0
1623 6 3,9 0,81
1624 5,24 3 0,58
1625 6 3 0
1626 6 2,22 0,61
1627 6,71 3 0,5
1628 6 3,62 0,38
1629 6 3 0
1630 6 2,43 0,33
1631 6 3 0
1632 6 3 0
1633 6 3 0
1634 5,74 3 0,07
1635 5,1 3 0,81
1636 6 3 0
1637 6 3 0
1638 6 3,47 0,22
1639 6 3,47 0,22
1640 6 3 0
1641 6 3 0
1642 6,78 2,38 1
1643 6 2,89 0,01
1644 6,24 3,53 0,34
1645 6 3 0
1646 6 3 0
1647 6,33 3 0,11
1648 5,37 3 0,4
1649 5,33 3 0,45
1650 6 2,02 0,96
1651 6 3 0
1652 6 3,33 0,11
1653 6 2,38 0,38
1654 6,84 3 0,7
1655 6 2,5 0,25
1656 6 2,07 0,86
1657 6 3 0
1658 6 3 0
1659 6 3,4 0,16
1660 5,41 3 0,35
1661 6 3,82 0,68
1662 6 3 0
1663 5,8 3 0,04
1664 6 3,3 0,09
1665 6 3 0
1666 6 3 0
1667 6 3 0
1668 6 3,54 0,3
1669 6 3 0
1670 6 3 0
1671 6,95 2,77 0,95
1672 6 3 0
1673 6 3 0
1674 6 3 0
1675 6 3 0
1676 6 3 0
1677 6 2,81 0,04
1678 5,11 3 0,79
1679 6 3 0
1680 6 3 0
1681 6 3 0
1682 5,36 3 0,41
1683 6 2,75 0,06
1684 6 3 0
1685 6 3 0
1686 6 3 0
1687 6 3,54 0,29
1688 6,32 3 0,11
1689 6,86 2,35 1,15
1690 6 3 0
1691 5,57 3 0,19
1692 6 3 0
1693 6 3 0
1694 6 2,04 0,93
1695 6 3 0
1696 6 3 0
1697 6 2,06 0,88
1698 5,16 3 0,71
1699 6,69 2,55 0,69
1700 6 2,15 0,72
1701 6,7 3 0,49
1702 6 3 0
1703 6 3 0
1704 6 3 0
1705 5,17 3 0,68
1706 6 3 0
1707 6 2,67 0,11
1708 6 2,72 0,08
1709 6 3 0
1710 6,92 3,1 0,86
1711 6 3 0
1712 5,48 3,54 0,56
1713 6 3 0
1714 6 3 0
1715 6 3 0
1716 6 3 0
1717 6 3 0
1718 5,67 3 0,11
1719 6 3 0
1720 6 3 0
1721 6 3,12 0,02
1722 6 2,91 0,01
1723 7,46 3 2,13
1724 6 3 0
1725 6 3 0
1726 6 2,24 0,57
1727 6 3 0
1728 6 3 0
1729 6 3 0
1730 6 3 0
1731 6 3 0
1732 6 3 0
1733 6 2,1 0,81
1734 5,81 3,4 0,2
1735 6 3,88 0,78
1736 6 3 0
1737 6,11 3 0,01
1738 6 3 0
1739 6 3 0
1740 6 3 0
1741 6 3 0
1742 6 3,17 0,03
1743 5,6 3 0,16
1744 6 3 0
1745 6 3 0
1746 6,36 3 0,13
1747 6 3,07 0
1748 6 3 0
1749 6 3 0
1750 5,44 3 0,31
1751 5,43 3 0,32
1752 6 3 0
1753 6 3,61 0,38
1754 6 3 0
1755 6 3 0
1756 6 3 0
1757 6 3 0
1758 6 3 0
1759 6 3 0
1760 6,77 3 0,6
1761 6 3 0
1762 5,16 3 0,71
1763 6 3 0
1764 6 3 0
1765 6,88 3,48 1,01
1766 6 3 0
1767 6 3 0
1768 6 3 0
1769 5,95 3 0
1770 6 3 0
1771 6 3 0
1772 6 3 0
1773 5,29 3 0,5
1774 6,29 3 0,08
1775 6,57 3 0,32
1776 6 3 0
1777 6,83 3,71 1,2
1778 6,44 3 0,2
1779 6 3 0
1780 6,89 3 0,79
1781 6 2,9 0,01
1782 6 2,35 0,43
1783 6 3 0
1784 6 3 0
1785 6 3 0
1786 6 3 0
1787 5,04 3 0,92
1788 6 3 0
1789 6 3 0
1790 6 3,51 0,26
1791 6 3 0
1792 6 3 0
1793 6 3 0
1794 6 3 0
1795 6 3 0
1796 6 3 0
1797 6 2,69 0,1
1798 6 3,39 0,15
1799 6 3 0
1800 6 3 0
1801 6 3 0
1802 6 3 0
1803 6,7 3 0,49
1804 6 3 0
1805 6 3 0
1806 6 3 0
1807 6 3 0
1808 5,78 3 0,05
1809 6 3 0
1810 6 3 0
1811 5,53 3 0,22
1812 6 3 0
1813 6,49 3 0,24
1814 6 3 0
1815 6 3 0
1816 6 3 0
1817 6 3 0
1818 6 3 0
1819 6 3,17 0,03
1820 6,57 3 0,33
1821 6 3 0
1822 6 3 0
1823 6 3 0
1824 6 3 0
1825 6 3,78 0,62
1826 6,06 3 0
1827 6 3 0
1828 6 3 0
1829 6 3 0
1830 6 3 0
1831 6,21 3 0,05
1832 6,33 3,53 0,39
1833 6 3 0
1834 6 3 0
1835 6 3 0
1836 6 3,72 0,52
1837 6 3,95 0,91
1838 6 3 0
1839 6 3 0
1840 6 3,64 0,4
1841 6 3 0
1842 6 3 0
1843 6 3 0
1844 5,4 2,79 0,41
1845 6 2,35 0,42
1846 6 3 0
1847 6 3 0
1848 6 2,05 0,9
1849 6 3 0
1850 6 3 0
1851 6 3 0
1852 6 3 0
1853 6 3 0
1854 6 3 0
1855 6,65 3 0,43
1856 6 3,18 0,03
1857 6 3 0
1858 6 3 0
1859 6 3 0
1860 6 3 0
1861 6 3,06 0
1862 6,52 3 0,27
1863 6 3 0
1864 6 3 0
1865 6 3 0
1866 5,82 3 0,03
1867 6 3 0
1868 6 3 0
1869 6 3 0
1870 6 3 0
1871 6 3 0
1872 6 3 0
1873 6 3 0
1874 6 3 0
1875 6 3 0
1876 6 2,44 0,31
1877 6 3 0
1878 5,78 3 0,05
1879 6 3 0
1880 6,83 3,19 0,73
1881 6,72 3 0,52
1882 6 3 0
1883 6 3 0
1884 6 3 0
1885 6 3 0
1886 6 3,09 0,01
1887 5,11 3 0,8
1888 5,77 3 0,05
1889 6 3 0
1890 6 3 0
1891 6 3,75 0,56
1892 6 3,83 0,69
1893 5,8 3 0,04
1894 6 3 0
1895 5,31 3 0,48
1896 6 3 0
1897 6 3 0
1898 6,9 3 0,81
1899 6 3 0
1900 6 3 0
1901 6 3 0
1902 5,58 3 0,17
1903 6 3 0
1904 6 3 0
1905 6 3 0
1906 6 2,15 0,72
1907 6 3,42 0,18
1908 6 2,44 0,32
1909 6 3 0
1910 6 3 0
1911 6 3 0
1912 6 3 0
1913 6 3 0
1914 6 3 0
1915 5,16 3 0,7
1916 6 3 0
1917 6 3 0
1918 6 3 0
1919 6,31 3 0,1
1920 6 3 0
1921 6 2,1 0,81
1922 6 3 0
1923 6,9 3 0,81
1924 6 3 0
1925 6 3 0
1926 6 2,61 0,15
1927 6 3 0
1928 6 3 0
1929 6,77 3 0,59
1930 6 3 0
1931 6 3,09 0,01
1932 6,52 3 0,27
1933 6 3 0
1934 6 3 0
1935 6 3 0
1936 6 3 0
1937 6 3 0
1938 5,04 3 0,91
1939 5,92 3 0,01
1940 6 3 0
1941 5,42 3 0,34
1942 6 3 0
1943 5,56 3,86 0,94
1944 6 3 0
1945 5,99 3 0
1946 6,2 3 0,04
1947 6 3 0
1948 6 3 0
1949 5,79 3 0,05
1950 6 2,1 0,81
1951 6 3 0
1952 6 2,97 0
1953 6 3 0
1954 6 3,59 0,35
1955 6 3 0
1956 6,6 3,03 0,36
1957 6 3 0
1958 6 3 0
1959 6 3,57 0,33
1960 6 3,11 0,01
1961 6,81 3 0,66
1962 6 3 0
1963 6 3 0
1964 6 3,44 0,19
1965 6 3 0
1966 5,3 3,62 0,88
1967 6,66 3 0,44
1968 6 3 0
1969 6 3 0
1970 6 3 0
1971 5,67 3 0,11
1972 6 3,88 0,77
1973 6 2,87 0,02
1974 6 2,13 0,76
1975 6 3 0
1976 6 3 0
1977 6 3,35 0,12
1978 6 2,36 0,41
1979 6 3 0
1980 6 3 0
1981 6 3,54 0,29
1982 6,3 3,58 0,42
1983 6 3 0
1984 6 3 0
1985 6,09 3 0,01
1986 6 3 0
1987 5,86 3 0,02
1988 6,91 3,92 1,68
1989 6 3 0
1990 6 3 0
1991 6 3 0
1992 6 2,83 0,03
1993 6 3,72 0,52
1994 6 3 0
1995 6 3,07 0,01
1996 6,24 3 0,06
1997 6 3 0
1998 6 3 0
1999 6 3 0
2000 6 3 0
